1152 1000
61 4
161 4
137 8
139 8
137 8
133 8
61 8
167 8
129 16
130 16
130 16
134 16
61 16
174 16
231 32
230 32
232 32
231 32
62 32
289 32
438 64
434 64
433 64
441 64
63 64
526 64
605 128
614 128
615 128
605 128
74 128
611 128
619 213
618 213
616 213
618 213
77 213
613 213
618 213
861 213
4283 213
684 213
69 213
608 213
623 319
623 319
624 319
625 319
84 319
616 319
2672 426
656 426
544 426
84 1
182 2
263 4
151 8
224 16
5 32
648 64
10826 128
13 2
12 2
8 2
13 2
13 2
6 2
13 2
12 2
13 2
8 2
12 2
13 2
4 2
8 2
8 2
7 2
8 2
8 2
8 2
7 2
8 2
7 2
8 2
8 2
8 2
8 2
8 2
8 2
8 2
8 2
8 2
8 2
8 2
8 2
8 2
8 2
8 2
8 2
8 2
8 2
7 2
8 2
8 2
8 2
8 2
7 2
7 2
8 2
8 2
7 2
7 2
8 2
8 2
8 2
8 2
7 2
7 2
8 2
8 2
7 2
7 2
8 2
7 2
8 2
8 2
7 2
8 2
8 2
8 2
8 2
8 2
8 2
8 2
8 2
8 2
8 2
6 2
5 2
8 2
2 2
10816 234
5545 234
6982 351
5449 469
25 1
68 2
101 4
262 8
3550 16
841 32
1261 64
2590 128
584 256
465 262
5645 262
2081 393
2103 524
124 1
189 2
196 4
224 8
9 2
335 16
10 64
9 64
6 64
5 64
5 64
5 64
5 64
6 64
3 64
639 32
1266 64
2554 128
864 252
4 2
107 1
63 2
160 4
181 8
302 16
4 32
1182 64
3193 128
5313 256
2052 269
4921 269
4069 403
26 1
61 2
4124 4
178 8
1 16
576 32
1159 64
2279 128
4483 252
4751 252
6700 378
10835 504
125 1
180 2
199 4
216 8
313 16
548 32
1154 64
2480 128
4518 251
5044 251
7374 376
10811 502
130 1
495 2
197 4
211 8
331 16
597 32
1318 64
2482 128
4920 250
4861 250
10805 375
392 501
8698 493
8875 493
8914 493
9202 493
8924 493
2142 497
2167 497
2181 497
10842 497
1415 497
2083 497
1597 497
1125 497
939 497
1433 497
109 497
429 497
59 1
58 1
57 1
57 1
55 1
58 1
112 2
113 2
110 2
110 2
61 2
142 2
112 4
113 4
111 4
111 4
60 4
150 4
142 8
151 8
143 8
148 8
67 8
175 8
137 16
142 16
142 16
142 16
60 16
181 16
236 32
223 32
228 32
224 32
67 32
285 32
415 64
439 64
440 64
423 64
63 64
508 64
604 128
606 128
605 128
605 128
65 128
605 128
619 189
608 189
608 189
619 189
78 189
616 189
617 189
617 189
618 189
617 189
78 189
607 189
613 283
614 283
623 283
614 283
79 283
611 283
627 378
628 378
627 378
631 378
90 378
616 378
3322 384
10857 378
24 1
61 2
90 4
111 8
200 16
378 32
934 64
2014 128
4139 244
4096 244
4 2
7 2
8 2
8 2
8 2
8 2
8 2
8 2
8 2
8 2
8 2
8 2
7 2
8 2
8 2
8 2
8 2
8 2
8 2
8 2
8 2
9 2
8 2
8 2
8 2
7 2
8 2
8 2
8 2
8 2
8 2
8 2
8 2
8 2
8 2
8 2
8 2
8 2
8 2
8 2
8 2
7 2
9 2
7 2
8 2
8 2
8 2
8 2
8 2
8 2
8 2
7 2
8 2
8 2
8 2
8 2
8 2
8 2
8 2
8 2
8 2
8 2
8 2
8 2
8 2
8 2
8 2
8 2
7 2
8 2
8 2
8 2
8 2
8 2
8 2
8 2
8 2
8 2
8 2
8 2
8 2
8 2
8 2
8 2
8 2
8 2
8 2
8 2
8 2
8 2
8 2
8 2
8 2
8 2
8 2
8 2
8 2
8 2
6 2
8 2
8 2
8 2
8 2
8 2
8 2
8 2
8 2
6517 366
8806 489
25 1
58 2
96 4
159 8
290 16
596 32
1113 64
2269 128
4457 248
4608 248
6789 372
8994 496
123 1
182 2
195 4
217 8
326 16
558 32
1201 64
2415 128
4887 248
4693 248
6698 372
3575 496
139 1
490 2
193 4
214 8
313 16
687 20
378 20
547 30
724 41
7866 494
32 536
94 1
221 2
1098 4
457 8
263 16
699 32
25 2
23 2
26 2
7 64
6 64
4 64
2 2
1 2
50 2
45 256
57 256
69 16
48 16
1 64
20 64
6 64
22 128
136 256
1 16
233 2
191 8
167 32
56 16
21 64
30 8
1 64
20 32
96 32
1 32
30 32
19 64
10 128
13 128
10848 64
1 16
50 16
4 256
14 256
159 128
2 128
2 128
80 256
2 256
1 32
1 8
1 8
22 8
21 64
1 64
20 64
20 64
21 8
1 8
20 8
1 8
74 8
1 64
21 32
68 256
44 256
12 32
11 64
12 128
14 128
20 128
10820 128
10820 256
5661 259
25 259
77 1
22 100
6 100
1 1
300 1
1 50
8 256
433 512
45 512
1157 256
300 1
20 1
21 1
5 10
1 1
20 1
20 1
20 1
20 1
21 1
20 1
20 1
20 1
20 1
20 15
20 30
20 1
20 1
20 1
20 1
20 1
20 1
20 1
20 15
21 1
20 1
20 15
20 15
21 15
20 20
20 30
20 20
20 10
11 1
11 1
20 120
20 10
20 10
20 10
20 10
21 10
20 10
20 10
20 10
20 10
20 10
20 10
20 10
20 10
20 10
20 10
21 10
20 10
20 10
20 10
20 10
20 1
9 5
20 100
20 250
12 250
17 250
13 250
5 251
4 252
4 253
13 254
2 254
16 254
20 1
20 1
21 1
20 1
20 1
20 1
20 1
21 1
20 1
20 1
965 1
51 1
3 254
4 254
4 254
24 1
62 2
96 4
288 16
565 32
1101 64
2328 128
10820 8
67 256
4997 269
5 1
62 2
26 1
1 2
7797 404
10550 539
25 1
61 2
98 4
164 8
272 16
591 32
1081 64
2358 128
4863 256
5261 268
6 500
5293 268
7998 402
1792 537
155 1
272 2
158 4
154 8
246 16
336 32
261 64
392 128
642 243
564 243
346 364
516 486
165 1
167 2
569 4
623 8
178 16
169 32
10853 64
555 128
367 241
5723 241
10853 362
10820 483
10 1
1 1
10 1
5 530
1 4
2400 1
145 1
76 2
160 4
171 8
323 16
639 32
1185 64
2486 128
4977 256
5133 266
5167 266
7880 399
10653 533
25 1
68 2
164 4
246 8
315 16
622 32
1184 64
13 2
2313 128
4450 256
4570 266
5123 266
245 128
50 128
7918 399
52 128
10845 533
45 128
125 1
190 2
216 4
224 8
322 16
561 32
1145 64
2385 128
24 1
60 2
93 4
151 8
285 16
599 32
1198 64
2350 128
4901 256
5278 269
5160 269
7819 404
10510 539
26 1
65 2
99 4
155 8
275 16
610 32
1175 64
2376 128
4960 256
5273 269
157 128
38 128
40 128
432 128
5686 269
1890 404
5127 539
44 2
6 512
10 1084
47 1000
101 1087
35 1000
18 1000
10 1084
37 1084
341 1084
299 1084
627 1000
358 500
17 1000
23 1000
23 1000
526 1071
761 1070
745 1070
404 500
137 500
148 2
1031 400
272 2
977 500
507 2
972 500
969 4
995 2
143 4
262 4
17 1
18 2
33 1
32 1
43 2
50 1
54 1
14 1
18 1
16 1
18 1
31 2
77 1
576 1
546 1
641 2
650 1
730 1
842 1
986 2
908 1
912 1
1046 1
1147 2
508 4
1217 2
1228 1
1220 1
1224 1
1224 1
1227 2
1229 1
1233 1
1229 2
1233 1
1052 4
143 8
2473 1
2509 1
262 8
2698 1
3101 1
504 8
3118 1
3416 1
3802 1
1037 8
142 16
263 16
505 16
19 2
453 500
16 2
1036 16
144 32
263 32
6935 1
509 32
7695 1
1040 32
144 64
262 64
508 64
997 64
145 128
265 128
511 128
672 500
1011 128
142 256
265 256
1624 750
515 256
738 750
1088 256
386 750
218 512
334 512
521 512
1235 512
227 768
391 768
309 768
3490 750
1555 768
221 1024
279 1024
678 1024
112 1024
143 2
264 2
507 2
995 2
116 4
208 4
364 4
1048 4
145 8
261 8
510 8
1037 8
145 16
264 16
508 16
1036 16
145 32
263 32
509 32
998 32
145 64
261 64
506 64
996 64
147 128
264 128
509 128
1004 128
143 256
266 256
514 256
1059 256
220 512
268 512
523 512
1121 512
227 768
387 768
569 768
1626 768
222 1024
392 1024
547 1024
43 1024
142 2
262 2
505 2
1037 2
119 4
177 4
364 4
715 4
141 8
261 8
508 8
996 8
145 16
262 16
508 16
1031 16
144 32
261 32
506 32
1041 32
144 64
262 64
505 64
998 64
142 128
263 128
509 128
1043 128
147 256
264 256
514 256
1014 256
255 512
267 512
523 512
1048 512
218 768
389 768
533 768
1389 768
222 1024
278 1024
569 1024
113 1024
142 2
261 2
505 2
996 2
147 4
179 4
364 4
715 4
146 8
262 8
1 1
505 8
1036 8
1073 256
141 16
153 256
262 16
96 256
507 16
1 1
1780 750
15 256
18 1024
