1152 1500
18 1024
20 256
229 1000
17 256
17 1024
1032 16
145 32
263 32
507 32
1225 1000
18 1020
1037 32
2208 1000
1 1
121 64
264 64
2279 1000
506 64
18 1020
17 256
2 256
17 256
19 256
17 257
111 128
90 32
4478 256
17 1013
1 2
128 1000
19 1024
17 1024
20 1012
305 1006
156 1008
18 1010
3 1010
18 1010
18 1009
18 1009
19 1009
540 1009
116 1009
13 2
16 10
15 2
23 200
733 1000
128 10
978 10
1025 10
9 1
1 1
1 2
1 2
2 2
22 2
417 2
407 2
347 2
327 2
65 2
6 2
74 2
28 2
159 2
130 2
15 2
188 2
77 2
51 2
1402 2
1366 2
1335 2
818 2
787 2
743 2
729 2
157 2
13 2
787 2
47 2
234 2
193 2
35 2
1 1
2 2
2 2
2 2
2 2
2 2
2 2
2 2
2 2
22 2
215 2
132 1
155 256
215 2
139 256
272 2
176 2
1 2
1 2
1 2
1 2
143 256
131 1
1 2
21 1
1 1
13 1
156 256
12 2
45 2
2 2
33 2
17 2
35 2
29 2
1 2
125 2
2 2
1 2
1 1
117 512
208 512
20 512
51 512
1 1
80 256
1 1
566 2
363 1008
2 2
1 2
1 2
1 2
2 2
283 20
36 2
980 20
267 2
421 2
65 2
232 2
790 2
330 1008
721 1008
695 1005
159 256
156 256
43 128
1 1
2 2
1 21
2 8
4 16
4 16
1850 16
53 512
1 2
215 8
9 8
6 8
1028 8
11562 1000
29 32
1 1
1777 1000
37 1000
969 1000
32 8
678 1000
88 8
3 1006
20 1006
1 10
7 100
33 1000
33 1000
32 1000
51 1000
19 8
18 8
231 8
319 512
12 1
12 1
15 8
25 1013
14 1
8 1008
543 1008
26 128
1856 1008
1 1
38 1000
240 1000
696 1000
224 1000
418 1000
960 1000
30 1
66 2
99 4
124 8
187 16
354 32
757 64
1465 128
3346 256
4809 511
6399 160
7813 511
10831 766
24577 80
25368 120
424 1022
33 1
127 2
265 160
104 4
163 8
317 120
249 16
470 32
1436 320
844 64
272 320
1629 128
3510 256
1531 320
10 1
9 1
68 320
11 1
7 64
4 64
3 64
7900 510
2632 510
6832 64
8861 320
10853 765
13529 80
184 1
322 2
748 4
1443 8
3217 16
6034 32
40087 128
10843 64
10802 128
10810 196
87248 48
10846 196
203 1
347 2
692 4
18612 128
1253 8
2436 16
5051 32
104162 320
62441 128
10829 59
151838 120
10857 59
10829 89
60967 128
12 160
131 160
1 1
889 80
10806 119
1244 157
2041 157
2002 157
2053 157
1978 157
527 157
507 157
501 157
2770 157
516 157
412 157
422 157
400 157
18094 160
2276 157
33066 1
41704 128
42740 128
45659 240
20221 320
42720 128
923 240
1548 320
97860 64
264 320
1322 240
263 240
264 320
10859 157
265 128
266 128
264 128
269 128
266 128
269 128
262 320
142 320
264 320
264 320
263 320
264 320
267 128
265 128
26975 1
26963 1
26495 1
26179 1
25785 1
266 128
14404 157
1515 157
10839 1
275 64
19 8
1 1
263 128
1 1
30 1
8 128
448 64
37 320
678 128
291 64
259 64
487 1
38 1
364 16
349 16
22 64
3481 120
5170 128
283 8
1 1
1 1
205 8
1 1
16 8
24 64
20 64
21 64
1 1
363 64
248 64
213 64
44 1
346 64
82 2
140 4
157 8
196 16
19864 320
14053 128
20342 128
18543 64
14688 120
18277 128
10511 1
1 16
5 1
65510 128
67041 128
67184 128
11 8
284 8
285 8
14 1
12 1
13 1
13 1
10 16
1 16
102 2
2570 16
104 16
108 16
105 16
6110 64
419 64
325 32
308 16
41 8
133 8
87429 320
90 2
137 16
554 320
6 64
3 64
3 64
2 64
35 64
208 64
37 64
41 64
9565 64
9 64
3115 64
38 1
75 2
120 4
189 8
277 16
538 32
1099 64
932 69
270 128
77346 64
76284 128
1238 69
1386 103
1771 138
36 1
72 2
115 4
168 8
18 1
259 16
304 64
516 64
467 32
255 8
245 8
319 8
75 8
859 64
83648 128
939 69
897 69
62956 320
780 128
153370 120
761 128
10790 64
273 64
2284 103
202 64
1820 138
263 1
203 125
416 2
848 4
1025 8
104 4
113 8
130 16
153 27
165 43
164 64
388 92
2784 16
407 125
405 167
1130 64
5196 32
1 1
1 1
1 1
1 1
1 1
1 1
1 1
1 1
1 1
1 1
958 64
1395 100
15888 120
1386 100
1425 216
559 128
101 128
481 128
62 128
30 128
2160 150
21294 320
2822 201
128 1
183 2
200 4
220 8
315 16
497 32
938 64
1420 100
1418 100
2099 150
2803 200
1012 72
938 72
935 72
972 72
933 72
271 72
240 72
236 72
2830 72
227 72
182 72
226 72
186 72
1709 72
894 72
49 72
92 72
107 1
102 1
104 1
102 1
60 1
102 1
157 2
156 2
159 2
161 2
61 2
190 2
182 4
177 4
176 4
177 4
62 4
199 4
203 8
201 8
201 8
202 8
61 8
220 8
253 16
251 16
253 16
250 16
62 16
256 16
361 32
371 32
369 32
368 32
62 32
366 32
380 36
379 36
385 36
381 36
63 36
394 36
380 36
389 36
383 36
385 36
62 36
397 36
502 54
498 54
507 54
496 54
66 54
497 54
553 72
555 72
552 72
546 72
66 72
549 72
104119 128
96464 128
83341 128
2723 384
3378 64
2351 72
31 1
72 2
98 4
137 8
197 16
415 32
278503 64
103565 320
103326 120
829 63
792 63
1165 95
1622 127
32 1
73 2
112 4
142 8
247 16
454 32
848 64
1595 128
8007 64
3500 256
4482 318
4488 318
3049 477
9975 637
127 1
182 2
203 4
224 8
308 16
504 32
944 64
1778 128
3564 256
25 320
4270 281
3863 281
131 1
184 2
201 4
219 8
289 16
467 32
905 64
1755 128
2469 178
2412 178
3750 267
5031 356
5146 356
5199 356
1022 292
995 292
1014 292
6109 64
9650 292
63005 120
63940 160
63493 64
634 292
792 292
284 292
815 292
1068 443
1115 443
100 443
117048 128
325768 32
8714 128
117427 128
2720 64
552 443
103 1
102 1
105 1
103 1
61 1
103 1
156 2
157 2
156 2
158 2
61 2
187 2
177 4
177 4
177 4
177 4
61 4
198 4
201 8
201 8
200 8
202 8
61 8
221 8
254 16
251 16
250 16
253 16
62 16
258 16
368 32
381 32
379 32
377 32
62 32
375 32
531 64
532 64
529 64
530 64
64 64
540 64
606 128
607 128
606 128
608 128
66 128
606 128
612 256
611 256
612 256
613 256
71 256
609 256
612 262
613 262
612 262
613 262
72 262
609 262
612 262
612 262
613 262
615 262
73 262
611 262
616 393
616 393
617 393
619 393
76 393
614 393
2835 384
33 1
70 2
104 4
171 8
266 16
476 32
846 64
1669 128
3122 230
1 128
1 128
28 128
45 128
3158 230
4947 345
6882 460
37 1
86 2
124 4
136 8
243 16
437 32
884 64
1661 128
103897 128
3116 227
3093 227
4995 341
6926 455
127 1
184 2
205 4
220 8
287 16
496 32
50 160
948 64
1788 128
5 32
5 32
63102 128
3627 256
4079 281
3970 281
131 1
182 2
194 4
217 8
315 16
467 32
922 64
81 32
1838 128
2915 128
2571 185
12 32
2634 185
7 32
8 8
3974 277
5477 370
4805 338
4856 338
105729 128
4946 338
48900 120
4896 338
4910 338
2325 585
319 585
392 585
10806 585
1853 585
2085 585
1569 585
76564 64
2360 120
79940 160
95 585
20 16
19 16
1528 612
1 32
1368 612
149 16
292 256
468 612
860 612
103 1
116 1
97 1
95 1
35 1
95 1
168 2
171 2
171 2
2070 16
171 2
61 2
196 2
184 4
192 4
134 32
1 64
195 4
192 4
61 4
207 4
381 32
1467 16
1106 64
267 32
429 16
263 32
1608 8
735 8
211 8
214 8
61 8
225 8
2006 16
261 16
265 16
289 128
813 16
265 16
62 16
372 512
256 16
418 128
462 256
657 32
1279 128
916 256
1294 32
371 32
369 32
62 32
365 32
522 64
530 64
533 64
3606 256
14745 32
615 512
520 512
546 64
63 64
537 64
606 128
1491 422
606 128
607 128
606 128
67 128
606 128
611 256
612 256
614 256
613 256
71 256
15999 32
610 256
613 274
613 274
613 274
4489 16
19 64
10829 274
15668 32
17 64
15 64
68059 160
68711 64
4613 128
5380 160
73420 64
131157 32
316 32
835 256
1157 512
1050 512
361 512
9 32
16 64
989 512
7853 128
538 4
640 8
846 16
30 160
973 27
196 160
1064 43
1106 64
1218 92
1343 125
9 1
10 1
4 1
9 1
8 1
10 1
8 1
11 1
10 1
10 1
1284 167
1 8
227 8
1389 216
2 8
1468 275
98 8
832 8
1427 343
308 422
1621 512
15211 32
1776 615
25679 160
3620 729
2245 16
20 814
1 8
28 8
7 8
540 814
20 8
3 14
35 8
91615 64
77100 128
1179 16
747690 16
912 1006
908 1006
1131 1006
7 1004
16 1004
291 1004
292 1004
16 128
305 1004
6 32
8 64
15 64
3 32
6 64
15 64
14522 32
18379 32
29137 8
7 64
6 64
15 64
6 64
8 8
1008 8
5 16
9 16
15 4
12 4
1988 16
2918 16
5 32
482 32
803 64
144 64
15 64
643 64
31514 8
31291 8
31610 8
37229 128
337 16
5 64
16 32
15 32
17 32
2144 8
76484 128
766 512
31637 8
134167 128
1598 512
227834 8
167066 8
54966 128
3674 16
1949 128
2081 16
2155 16
1206 512
2 176
873 16
15 16
43 1
90 2
121 4
169 8
261 16
2335 16
457 32
14 32
831 64
2723 16
1 1
1 1
5 1
1344 32
169 64
2147 32
3432 128
317 16
3500 256
286 16
286 16
35 32
1945 16
2379 32
6285 381
2507 32
6174 381
357 572
36 1
82 2
114 4
184 8
264 16
507 32
851 64
1696 128
279 256
4823 329
5048 329
7737 493
664 658
130 1
183 2
204 4
276 8
297 16
489 32
46 64
17 64
12 64
18 128
13 128
12 256
19 256
926 64
14 64
26 256
25 256
32 256
445 128
17 256
19 256
16 256
12 256
4 256
3 256
14 256
19 256
14 256
16 256
15 256
16 256
24 128
27 128
15 128
13 128
3 128
3 128
17 128
18 128
5 128
5 128
26 128
165 256
12 128
8 128
37 128
23 128
23 128
15 128
13 128
3 128
3 128
15 128
15 128
6 128
5 128
24 128
22 128
15 128
12 128
3 128
3 128
15 128
16 128
6 128
5 128
23 128
70 128
286 328
297 328
358 492
24 32
10 32
8 32
71 32
56 32
37 32
10 32
1333 128
2573 657
57213 176
52241 64
837 128
1341 1
133 2
709 4
214 8
290 16
504 32
3981 32
739 224
934 64
154 128
2267 512
391 96
14 32
4 32
4 1
54 1
68553 8
5 1
6 1
7 1
5 1
4 1
2 1
66947 64
2 1
2 1
25 1
3 1
4 1
10 1
6 1
5 1
5 1
4 1
11 1
19 1
14 1
14 1
1 1
1 1
2 1
4 1
4 1
9 1
4 1
58 1
10821 248
4 1
6 1
9 1
2 1
2 1
2 1
2 1
2 1
2 1
2 1
2 1
47 1
4 1
173 1
14 1
16 1
15 1
15 1
1 1
20 1
15 1
29 1
1026 512
30 1
50 1
55 1
283 248
27 1
18 1
18 1
28 1
3 1
285 1
225 1
5 8
4 8
3 8
6 8
6 8
4 8
13 8
13 8
11 8
29 8
30 8
27 8
5 8
4 8
3 8
6 8
6 8
4 8
13 8
884 1
13 8
11 8
30 8
29 8
28 8
4 8
4 8
3 8
6 8
6 8
5 8
13 8
12 8
12 8
8 128
5 128
5 128
5 128
6 128
30 8
6 128
12 128
11 128
29 8
11 128
28 8
4 8
5 8
32 128
3 8
5 8
6 8
5 8
23 128
13 8
23 128
12 8
4 128
4 128
12 8
5 128
5 128
6 128
6 128
30 8
12 128
11 128
11 128
29 8
28 8
32 128
4 8
4 8
3 8
6 8
23 128
6 8
4 8
13 8
22 128
9 128
13 8
9 128
11 8
6 128
11 128
10 128
30 8
7 128
18 128
29 8
28 8
5 8
4 8
3 8
6 8
5 8
5 8
83 128
13 8
13 8
15 128
11 8
38 128
30 8
29 8
32 128
28 8
5 8
4 8
3 8
6 8
5 8
5 8
13 8
13 8
11 8
30 8
29 8
28 8
4 8
4 8
3 8
6 8
6 8
4 8
13 8
243 128
13 8
11 8
30 8
30 8
27 8
5 8
4 8
3 8
6 8
5 8
5 8
13 8
1090 1
13 8
11 8
30 8
29 8
2 2
28 8
4 8
10 2
4 8
3 8
6 8
6 8
4 8
6 8
45 2
21 128
15 128
15 128
21 128
15 128
15 128
30 128
25 128
21 128
30 128
25 128
21 128
5305 372
1 2
4 2
76 2
40 2
56 8
39 8
22149 64
35 2
10 2
34 2
23 2
34 2
24 2
33 2
34 2
23 2
13 2
38 2
9 2
58 2
20 2
40 2
1 2
1 2
1 2
22 1
1 1
1 1
6988 497
1477 512
405 2
6 2
66 1
1 1
60 1
35 1
44 1
40 1
111 1
45 1
41 1
4 1
14 1
187 1
15 1
31 1
26 1
123 1
9 1
4 1
94 1
63 1
107 1
4 1
4 1
4 1
35 1
35 1
37 1
950 1
9212 579
25 2
35 2
38 2
8864 579
5 1
1 1
2 1
54666 1
3 2
3 1
3 1
10 2
13 2
63 2
49 2
34 2
11 2
34 2
37 2
3 2
37 2
4 2
4 2
34 2
4 2
5 2
5 2
4 2
4 2
79 1
5 1
1 1
