4096 1000
30 1639
56 1552
22 4016
87 2228
30 755
93 3735
94 292
92 3328
95 695
69 3055
6 2324
72 3876
32 2448
55 149
98 2959
55 1879
5 3126
35 1126
49 2849
49 1734
87 2829
28 1501
37 1968
4 2271
66 969
17 1943
4 2968
39 1871
43 3473
71 1617
52 2505
23 2836
86 2829
82 483
34 3218
68 1088
75 3588
56 975
71 3320
45 24
36 377
11 3483
100 3689
25 567
45 3275
87 1304
71 1581
52 3216
22 4005
46 1895
18 1818
78 980
13 1474
6 2767
45 1102
70 888
14 660
70 726
80 1530
8 3317
40 3474
72 2390
6 567
69 1271
11 1111
33 3601
80 2051
72 140
96 2438
26 124
79 1599
19 921
27 1284
58 2510
85 2937
34 3520
10 2254
85 3271
84 3321
98 3295
71 3610
27 3262
44 3282
45 991
79 2210
30 1066
69 2124
54 1971
39 3631
56 2123
27 2114
98 688
99 3358
6 3090
39 307
80 2917
85 990
63 1384
8 1387
19 1798
81 3488
47 3309
48 752
47 826
62 1566
61 2756
91 398
27 3949
92 3305
75 2242
87 1134
90 3431
64 3144
51 2299
11 3093
60 4031
68 2863
91 3999
58 329
5 3900
90 3677
63 1477
22 1906
73 3733
26 175
94 628
5 2940
87 3432
87 681
90 2421
9 1633
91 2160
7 1501
95 4013
21 2791
88 3723
15 2278
43 2348
91 2431
1 1200
66 3862
32 3914
29 1790
89 596
6 786
16 2146
78 1275
93 2817
91 2271
1 508
89 2452
74 3335
41 1236
43 720
34 3571
51 2175
40 3746
20 1945
51 1144
88 3908
89 1459
25 251
65 2166
3 1412
8 1703
71 1305
94 2052
3 690
15 2129
69 2856
91 3328
99 843
53 2926
51 320
82 1230
15 1902
96 2088
88 1325
9 1122
20 496
96 558
16 2881
37 2343
27 1799
67 883
50 1978
18 1492
88 3091
22 1510
78 295
31 3540
24 1330
31 252
90 1687
5 1293
59 101
2 3982
45 362
96 2455
40 2603
70 2718
72 3451
93 3303
9 434
52 1758
20 3454
30 2924
11 2732
59 3341
51 451
13 2505
67 2387
86 3532
4 522
86 812
96 1131
89 3607
94 3641
77 2930
47 3528
40 706
61 1793
61 3571
80 2707
75 750
86 3352
42 3708
54 1548
67 293
61 937
56 1096
59 536
74 2552
77 3418
6 59
29 1977
92 1637
65 297
63 100
75 3926
30 2064
29 7
12 726
2 722
42 3622
82 2122
21 3725
93 1226
44 2737
47 3565
43 3395
97 3559
67 1117
91 2046
61 2761
19 2066
25 959
64 2404
80 3626
17 2701
31 687
70 3772
43 3383
97 2494
83 1448
39 722
70 3407
64 1681
48 4038
18 1644
18 1504
49 3430
86 1684
81 49
29 766
89 268
48 3475
11 1766
25 843
27 687
2 2125
84 3036
100 1591
60 1863
52 249
58 138
16 3118
15 117
17 1208
69 1918
45 2913
57 3424
67 2127
33 955
25 1255
50 1163
76 3049
50 719
84 721
25 2075
37 1990
60 2720
39 1683
56 1715
74 3000
4 766
32 1720
61 11
78 1185
93 2719
55 2606
81 1722
79 3982
56 2102
42 924
52 1574
65 2292
33 3923
90 3032
62 2767
63 1077
32 3750
77 3624
96 2546
88 629
8 3150
82 952
72 696
73 3215
25 1442
11 2877
43 2955
92 3211
82 949
66 227
43 4080
59 3150
26 3
17 3397
93 3388
13 3716
97 3163
44 3216
58 1408
51 2559
30 2377
15 1768
39 2410
3 4016
86 3028
14 2976
100 1449
5 2649
59 609
1 3999
28 1878
55 2340
60 94
48 705
65 3794
55 254
10 505
70 3308
26 2904
20 2175
91 3373
42 750
5 3082
18 2176
70 1251
70 3589
84 1600
25 4071
73 3292
15 3194
21 3942
83 966
90 1372
29 3264
75 3404
78 2014
81 2396
59 3405
69 2065
52 975
99 3562
39 2346
97 2299
28 2758
38 2998
59 386
63 1205
39 3193
97 1528
20 2755
15 3701
88 3515
68 3435
84 3381
27 211
79 621
8 725
58 741
32 1189
26 421
78 1256
79 2933
28 2157
45 940
36 292
47 423
12 270
49 1896
84 2664
20 1010
19 1438
38 2550
66 499
82 1089
31 2691
18 1777
94 2316
1 2310
16 2641
97 4060
60 2847
54 2827
81 226
2 2724
34 1805
78 1668
70 1267
29 1308
62 3411
84 3452
21 3905
56 1855
100 1744
40 2500
52 3316
19 3219
83 2848
34 1087
73 2575
30 1866
60 3447
9 3525
74 3654
16 2383
100 3132
82 876
4 2870
86 968
97 2797
23 805
65 1833
63 4083
12 1876
61 3656
35 786
94 638
49 862
22 754
91 802
12 3386
89 777
62 2776
82 2895
99 67
24 3113
31 3612
61 797
86 1432
41 574
12 3027
39 2417
68 1495
10 3729
12 3697
30 1287
94 270
68 3151
62 1613
54 2692
31 3545
33 2549
68 2557
6 2561
21 1922
2 884
20 396
40 419
79 2481
79 42
1 485
17 971
78 3392
1 3799
88 1974
51 2587
34 7
83 385
79 288
5 2455
33 1982
82 3060
98 2541
42 172
70 3529
69 3006
81 1541
68 670
20 4001
49 1744
74 2767
30 3300
85 1272
60 1239
100 2533
62 3768
74 2935
40 2795
64 2113
98 2305
5 3179
6 1461
3 1094
95 1459
94 2503
82 2875
45 3435
78 3945
74 1666
91 2169
58 684
9 519
47 476
2 902
80 2183
46 37
17 323
21 1888
28 3627
94 2413
61 2451
92 3205
37 3269
33 2398
62 44
35 939
79 2311
2 249
42 675
38 1277
5 259
57 26
38 2810
41 1997
96 1162
90 277
60 1505
13 1304
5 2438
9 1515
73 75
89 3207
89 3910
28 1074
44 509
3 3345
100 3663
22 1349
88 1186
5 620
47 3658
92 1862
78 280
57 1743
53 2769
53 1101
64 1613
76 1132
83 3667
34 1914
19 460
26 846
94 435
6 2402
12 1443
69 3966
8 3916
67 2070
15 799
72 2816
44 2972
44 2315
64 31
10 1914
73 1555
24 3776
78 893
13 2040
100 2719
57 2947
33 3365
21 1068
36 451
77 3282
66 2852
69 721
23 1821
67 2215
83 2384
84 1452
23 3859
51 1856
12 1655
75 1983
33 143
25 341
59 3649
57 2594
88 449
96 1253
85 3780
65 931
80 911
97 3355
10 3177
22 3136
43 1840
84 3594
86 694
68 3771
93 2313
87 247
41 1423
45 1868
80 524
32 1076
7 996
74 1711
78 1055
1 1104
55 1678
71 3073
45 1038
3 2914
16 4050
100 2568
66 2603
10 35
81 1558
86 1800
97 926
27 2288
17 785
94 3827
27 870
86 1973
67 976
81 1967
14 3519
92 3745
57 3372
88 1642
30 933
80 1806
55 3578
74 475
87 2384
10 2327
56 2663
49 910
48 2890
14 1982
94 3831
28 1783
29 636
87 2629
63 3646
59 1788
26 1850
5 2972
7 3102
35 1737
82 2112
48 461
99 2024
71 114
34 156
64 587
30 1947
37 3143
62 3799
95 2492
100 1849
19 3829
95 3776
57 933
5 2055
98 74
86 2637
27 748
44 1905
86 1381
32 2957
59 1950
91 239
72 3389
69 2670
80 3288
23 1967
97 25
26 1629
21 330
47 3626
20 3752
14 938
20 2730
94 1265
90 805
5 1981
90 931
43 3749
3 2160
31 2007
83 2745
85 275
21 1522
83 3725
43 1489
11 2254
13 1324
59 1548
33 1936
40 4067
33 2936
23 1398
42 73
35 4089
80 3373
79 3583
69 1875
93 693
24 1664
33 1150
8 3575
80 200
19 2498
55 759
94 462
77 3078
89 2679
99 3167
68 1429
75 887
49 1061
61 2725
67 134
9 2234
33 3738
55 852
36 2690
12 4018
24 2798
9 1429
12 1409
94 2560
36 788
82 2743
77 692
49 2921
12 4002
46 590
67 870
19 1835
47 2110
90 3727
11 3737
40 1794
71 232
54 1602
85 3631
85 1632
91 1695
22 2539
78 3906
43 42
35 2912
71 3849
94 3454
51 196
67 177
26 2169
45 3474
15 2255
17 3088
52 1249
67 3921
72 2945
7 3157
75 3904
19 2749
29 2681
57 480
6 1250
41 4020
41 1303
100 1271
87 4013
36 3337
15 256
69 1931
5 855
55 288
43 3273
21 1089
48 2315
85 2929
43 1305
28 3332
42 3244
56 3999
78 3355
53 3920
3 1820
69 1346
43 1393
84 3579
23 934
75 1949
50 3215
33 3189
37 2777
25 2331
10 1332
79 2539
23 726
85 928
40 3613
68 3255
28 3912
64 3411
24 3779
69 3454
88 2663
14 725
93 246
89 3213
66 1838
60 3007
69 3014
30 3648
23 3890
43 3722
55 1230
60 646
49 3383
4 2252
73 2853
21 3680
71 2914
100 3200
35 125
44 2085
54 3763
79 1034
40 2444
65 2322
74 1064
28 1548
73 731
61 3338
10 2153
45 3082
41 3102
46 2327
55 2973
26 982
37 3746
94 962
72 4060
16 1996
32 2580
77 549
91 2168
84 1840
91 192
85 2916
60 2573
37 3252
98 470
15 3497
31 2912
94 2443
61 3447
9 1877
10 1304
100 1721
55 4092
49 3430
32 268
9 966
28 2253
77 2803
25 1685
43 2307
47 3441
79 1501
100 2088
43 721
62 3251
97 751
26 2372
16 245
71 644
78 434
48 750
27 1371
82 1183
65 3730
16 2035
80 926
15 3646
38 3635
81 2272
27 3074
35 2855
65 1884
18 2200
44 3496
95 1705
94 3754
58 1232
68 1359
75 1105
45 1186
91 2932
3 422
34 440
20 22
75 218
60 41
20 2824
21 105
59 4052
28 3769
37 3433
47 18
93 358
33 2983
50 2369
60 505
4 2182
46 3685
5 885
7 1235
62 2706
40 77
93 3200
69 2359
27 3780
55 719
69 1361
9 3685
19 2113
31 3180
21 2642
8 1588
3 513
65 3347
21 787
41 2498
88 1760
14 828
43 2754
34 4018
30 1120
36 1458
93 1376
62 103
36 3616
30 3872
33 2870
84 2887
94 2540
97 683
70 2621
96 2721
17 1658
92 1147
95 2637
32 2752
64 1708
25 2140
63 1158
70 2475
29 1428
58 2837
