50 150
41 49
21 22
83 20
20 45
100 6
11 21
7 22
64 14
87 29
93 10
69 10
5 19
39 33
4 34
3 3
91 43
53 13
67 36
32 36
32 34
43 42
56 1
13 20
64 1
48 9
10 16
68 15
36 8
47 39
91 1
93 31
96 46
43 12
33 26
99 16
9 44
57 15
94 21
36 8
72 35
66 31
2 35
47 37
42 46
27 32
46 22
64 41
17 8
54 1
83 3
16 44
46 24
60 39
44 45
48 17
81 15
100 32
49 46
18 40
43 44
73 39
15 36
81 33
93 35
35 28
87 2
71 34
25 32
22 21
76 20
87 6
86 38
89 35
84 6
76 28
1 49
18 16
36 49
50 31
85 37
60 23
38 30
6 15
11 29
87 38
100 23
45 36
63 33
20 48
90 45
75 40
95 43
57 33
43 9
63 27
95 22
49 32
3 6
98 15
84 34
54 34
9 50
69 21
34 40
68 23
86 42
64 31
34 21
15 26
79 27
54 25
50 4
56 4
59 6
20 45
89 23
78 47
22 48
19 7
89 36
29 24
80 44
54 13
64 20
41 44
96 46
18 47
100 26
52 8
31 21
4 21
43 33
68 16
30 38
22 18
24 2
92 3
46 47
67 11
17 9
55 14
5 24
13 6
1 14
65 31
87 19
54 29
1 23
97 31
10 20
