50 300
6 20
16 43
17 31
48 42
84 26
94 32
2 24
2 44
7 5
46 42
43 4
25 9
90 34
58 23
79 39
85 35
58 3
29 25
83 28
18 17
3 13
50 5
37 1
50 43
6 48
36 48
51 10
59 42
45 16
65 25
4 49
11 14
1 40
88 36
19 7
54 22
20 3
78 6
54 27
50 11
74 35
10 27
96 20
68 42
36 32
66 41
33 29
4 35
68 43
20 38
52 23
59 21
28 36
78 31
15 27
43 40
63 4
68 10
24 38
1 11
19 18
53 3
46 7
88 15
51 9
3 2
32 11
24 9
49 1
91 15
79 35
6 41
88 24
50 13
61 2
73 31
20 26
86 17
34 25
82 36
83 34
90 14
96 13
24 46
14 16
62 42
50 18
85 40
93 36
52 5
88 27
87 9
2 22
75 37
96 6
22 29
91 11
44 37
24 20
34 39
37 46
32 39
15 16
28 7
2 31
63 41
7 49
99 10
73 23
46 20
81 18
98 21
30 44
9 3
65 43
93 1
90 25
39 4
92 18
62 43
49 24
85 5
24 33
67 46
8 12
16 38
31 15
58 11
10 17
65 24
61 8
27 50
82 17
5 23
35 16
18 33
41 4
89 14
37 5
12 44
19 29
83 49
95 40
9 5
58 24
30 18
31 8
19 14
25 23
88 9
88 7
93 28
11 33
44 49
40 7
94 8
85 26
6 29
15 17
35 25
40 17
42 22
76 11
37 50
83 26
10 23
33 4
2 45
87 45
93 28
51 36
35 37
13 42
18 27
10 2
3 1
20 45
22 46
57 10
47 41
86 9
13 20
62 17
64 48
11 8
77 14
93 11
52 7
55 19
83 14
73 38
65 44
82 38
39 40
48 38
80 35
46 45
54 9
11 19
7 23
76 33
86 20
46 40
76 2
58 10
15 32
47 31
26 28
21 16
17 20
53 49
4 50
93 9
9 3
77 17
75 2
1 13
71 48
2 46
49 11
7 16
93 4
98 18
33 18
33 2
37 38
50 42
39 44
100 47
96 26
13 22
79 16
34 49
63 37
46 14
98 3
79 42
58 26
11 40
46 43
43 32
32 42
74 21
85 23
69 32
1 34
54 29
99 39
80 13
26 25
76 25
29 4
16 38
82 28
28 27
20 20
60 4
14 35
26 50
10 44
82 10
27 35
88 25
73 17
90 50
44 15
76 24
71 41
62 4
68 41
82 40
10 41
95 25
26 20
25 35
13 8
96 42
44 33
68 18
2 7
18 47
22 43
20 44
36 31
47 5
21 28
46 33
20 40
9 47
11 33
83 26
42 28
67 35
13 34
53 14
91 20
62 14
14 31
7 49
14 5
