50 250
1 47
64 11
78 46
66 28
27 19
33 39
30 9
92 12
45 50
52 22
1 40
89 17
41 16
77 26
8 24
95 10
22 10
22 1
55 37
79 32
5 13
70 37
23 14
50 18
15 2
91 16
41 29
34 32
97 12
9 4
87 3
15 9
13 36
11 17
22 41
100 29
4 20
65 28
83 14
45 47
67 37
64 8
66 50
41 12
11 1
17 50
3 31
10 17
18 20
86 41
61 35
69 16
6 33
93 38
99 40
37 15
76 2
24 43
53 14
54 16
64 22
65 19
4 24
37 21
93 22
12 5
7 32
20 12
65 15
52 13
6 40
79 31
43 3
74 46
66 29
63 32
53 27
52 6
52 38
29 46
10 40
1 18
71 22
31 37
88 34
1 43
25 30
26 18
82 49
15 49
29 27
32 31
3 33
37 4
71 15
49 32
56 1
99 28
25 29
17 12
15 17
5 39
48 30
6 31
80 20
32 8
96 13
41 50
98 29
55 18
45 6
51 50
8 49
29 32
29 45
44 43
14 48
82 11
29 39
94 8
59 25
67 6
87 7
8 36
87 14
55 31
69 5
30 27
5 11
8 34
7 3
28 20
50 9
33 30
100 26
37 8
50 6
15 38
14 24
24 1
88 28
31 8
83 13
84 37
23 44
72 29
46 50
49 48
60 31
77 9
58 16
68 7
21 35
94 36
8 17
86 47
47 17
55 29
29 40
67 3
33 41
31 31
90 31
30 1
63 6
60 20
23 27
78 45
61 22
81 21
40 16
67 36
34 23
66 14
63 35
16 47
75 49
77 16
81 8
16 46
64 25
67 38
54 45
33 16
16 13
86 5
78 5
93 14
77 8
77 39
42 45
86 18
43 14
83 25
24 49
70 37
73 39
76 28
33 8
44 50
20 31
6 50
85 48
13 12
8 41
52 1
85 39
69 29
55 1
6 28
49 25
16 24
15 41
51 47
99 44
46 20
27 2
19 11
49 33
24 8
24 28
9 10
16 27
39 22
27 44
99 28
70 16
1 35
57 3
83 7
49 29
76 25
32 47
85 32
29 11
40 4
88 48
64 5
24 4
77 2
97 27
29 18
93 31
54 1
36 37
59 34
17 36
58 48
32 44
79 13
