4096 2500
6 2521
86 2126
24 2582
68 785
85 2610
93 945
39 1220
34 2780
76 1783
46 1947
22 1408
80 2137
39 3889
39 2519
94 3353
84 1531
98 1126
44 757
91 2695
73 467
76 2781
39 1307
97 1784
14 1652
30 923
62 883
27 1390
87 3145
70 949
43 3668
42 803
66 1983
100 662
59 1538
24 184
20 468
100 3414
18 2868
29 1763
71 570
94 4021
60 920
78 375
88 2495
23 1535
66 1528
61 3168
54 168
93 2153
53 3088
48 3708
67 1203
81 1232
47 29
19 397
18 1584
53 2049
35 1634
27 2470
33 3746
56 2098
17 2244
29 591
27 901
87 19
89 982
54 3447
36 2654
43 2158
94 3577
51 3279
28 2875
92 3566
37 3654
35 445
71 1847
18 384
6 3711
62 2405
19 3716
15 407
37 2053
66 2784
54 340
54 3292
24 3400
62 883
10 3705
12 2590
75 2290
66 2469
36 1480
36 34
82 3825
78 1608
100 764
11 4044
64 1772
60 3426
87 3577
21 1930
20 998
60 961
39 3163
27 3869
20 2488
13 1396
27 997
1 964
49 3866
60 73
73 490
36 3349
97 2751
10 275
59 1202
44 1014
63 919
7 2805
77 1429
17 1340
76 722
55 3787
30 67
62 2442
84 3225
30 369
42 2534
97 1878
60 2298
72 3419
87 259
48 1601
69 2310
54 1161
38 2886
45 3558
3 1139
68 1228
6 3901
14 1041
50 2087
97 2647
8 1029
33 1712
54 2580
90 2728
71 1369
93 4015
95 542
88 3320
19 3580
97 2938
82 1932
5 1827
45 3738
28 670
13 180
40 2252
21 3744
43 438
76 900
18 970
73 3398
36 1851
59 1967
50 3269
58 3855
50 2072
14 2179
30 3426
76 2669
7 3548
33 3315
12 4057
18 1570
30 1093
38 3563
90 642
8 2950
28 2706
52 3565
95 2270
27 3988
53 917
2 46
54 3890
39 245
69 1467
59 948
27 2424
86 1824
73 891
7 1482
36 58
91 4023
80 1155
91 546
56 2718
21 3668
14 2507
89 3879
4 2331
79 1544
1 3585
56 1127
65 913
87 1333
19 145
50 3334
6 3149
68 2965
87 2654
62 3630
79 3947
1 812
57 2817
11 560
68 621
35 752
26 498
47 2022
86 733
78 3212
77 2071
57 1078
23 1612
71 1329
86 3456
54 1444
18 4062
60 1566
95 2850
89 3834
58 132
81 3579
17 2367
76 2039
63 761
58 3975
84 3603
25 3954
42 903
67 1287
30 2048
43 3568
26 890
25 700
23 3162
85 3112
89 925
15 3921
96 2
59 2294
47 3017
49 3594
83 3129
87 3640
19 541
3 196
77 3561
99 506
50 704
25 4092
89 1641
51 3061
25 1605
33 1760
59 652
82 2369
12 2130
38 2094
54 1220
21 1096
33 2467
23 253
71 958
14 2284
97 1962
91 1429
50 1290
13 2070
10 3277
98 404
40 3787
76 3499
60 541
96 2981
41 3133
40 3521
43 1270
33 3434
87 434
33 3887
87 3900
19 1900
69 1611
61 3986
28 3702
50 623
88 3065
70 1115
94 1521
63 1270
85 4074
58 2060
16 370
93 3474
39 3017
89 3197
52 387
60 3912
90 872
50 2789
30 4095
83 3869
27 3436
16 2572
21 886
5 1417
32 438
84 2111
55 776
4 1609
5 656
69 2516
99 1708
28 3040
52 2037
56 3057
79 1046
1 1001
42 3716
29 1246
46 3317
18 1369
99 2042
79 465
29 870
98 2513
26 2782
41 2568
98 3264
63 2973
48 3242
81 3238
7 665
34 576
49 3714
61 790
99 387
26 2593
32 1540
53 1148
89 1034
97 3934
20 497
89 113
56 3915
17 867
68 921
80 3251
81 149
26 1869
27 1551
78 2701
69 719
25 268
10 157
63 571
79 979
64 910
47 2813
18 1138
55 10
56 1595
34 2011
1 2514
100 478
47 1926
16 2944
2 3964
31 1726
35 1824
54 1550
90 3072
60 2802
33 4003
10 906
60 52
35 3048
90 1844
50 2394
34 3121
68 548
26 803
7 1479
19 3057
56 805
29 990
6 3178
45 786
75 3946
24 3400
79 1735
100 1670
50 1001
33 1648
31 3774
52 2170
49 1622
84 3716
8 3642
44 2208
59 3460
77 2704
42 3161
81 328
2 84
52 3765
91 3083
98 2504
91 754
43 3381
100 727
74 656
24 330
7 1351
63 2951
50 225
74 2658
89 759
51 2321
83 636
77 718
36 127
36 1641
6 3786
67 2685
3 2826
95 428
65 1662
85 3756
4 632
74 2474
72 827
83 3784
14 2757
81 2672
89 317
81 3696
23 3092
61 3072
45 3635
80 1755
44 974
27 1748
95 2939
83 1551
62 4016
4 330
7 962
45 2332
71 2025
67 3015
81 199
34 2783
14 3854
35 1974
72 3418
9 1659
40 1815
27 2930
49 717
32 131
17 311
48 1383
73 476
94 895
69 524
53 745
58 2426
56 4011
32 1190
80 1479
3 1520
70 806
26 2448
28 3991
4 23
89 3800
98 484
46 1606
79 703
64 3459
2 2312
48 1947
53 3635
29 2824
44 3749
39 1238
52 3344
92 410
3 1683
56 762
29 328
82 2038
31 1551
99 1769
70 2046
60 3479
29 1239
30 902
61 3190
17 1504
22 3931
1 4014
62 688
51 776
62 630
26 4075
53 2003
20 1767
85 1563
95 1710
32 570
29 3869
12 2422
46 2584
19 302
75 261
69 2732
14 3314
71 504
98 1693
73 1531
75 2089
29 3686
59 2989
64 3293
71 664
59 1695
12 1574
8 1109
94 1534
70 52
18 1546
47 1971
68 2106
98 757
50 3606
39 1372
46 1723
21 1356
83 2113
61 1217
84 319
55 3211
40 2930
3 1953
92 1632
5 2161
10 691
44 3941
68 2509
45 2497
15 2887
96 3616
53 733
68 1127
53 1428
92 1524
50 1158
34 3637
60 860
74 359
59 3498
63 1572
80 2554
96 2888
51 2016
20 2985
26 1060
28 1318
32 3379
65 540
26 692
75 2455
5 2700
16 1840
47 3489
18 1953
18 621
73 2981
38 844
48 44
64 3060
4 3665
35 1436
19 1814
78 3331
53 1428
42 319
78 1774
38 1781
62 2480
33 1715
88 4062
11 3860
51 1413
84 622
36 3467
69 388
35 3703
23 3921
20 2540
39 3772
3 3080
2 3753
78 3011
77 275
22 2610
69 1730
15 228
73 1425
28 2100
67 3095
2 1631
6 409
90 1208
93 2657
80 3388
33 3618
63 2326
66 3128
25 615
30 2634
56 1295
7 1702
30 1760
87 3161
87 1077
23 1233
91 1545
29 3944
60 1873
89 2403
4 741
25 3535
58 1102
58 210
36 1872
80 843
86 3110
65 591
69 1575
75 536
7 1813
48 1261
29 3408
29 2013
100 3613
79 2348
41 2243
74 3322
45 255
32 964
18 2279
75 1195
48 255
21 2065
93 1439
76 383
44 271
99 2512
2 2751
12 765
95 747
8 2523
97 801
37 2237
12 1184
73 3181
82 911
88 657
89 2064
49 2993
55 1224
83 2658
98 921
73 1075
8 1501
52 1842
79 855
93 1139
40 2017
68 2711
100 2480
35 2565
90 2074
61 458
82 1846
62 3544
85 2728
37 467
24 3177
33 3223
45 3380
89 2827
95 1237
50 1794
13 3245
88 2356
60 2202
44 921
44 4044
30 221
17 731
12 766
86 1772
36 3009
8 2772
96 1433
56 3104
27 2194
16 32
35 3496
96 298
91 807
95 2578
55 2678
93 3104
66 222
78 2565
63 3195
28 2218
76 1092
21 147
40 2948
6 2686
77 3493
46 935
52 1897
36 550
96 3731
79 334
24 1555
90 1114
32 3175
70 2762
34 3918
95 285
37 1776
83 3436
43 3680
45 1672
12 646
34 1871
83 3838
56 1150
4 1450
83 1687
56 824
68 684
91 2382
33 2176
91 232
36 3115
47 2890
6 2633
9 382
60 1452
92 2814
34 3570
15 1645
55 1930
74 2105
96 2001
61 2320
68 2831
5 2033
78 2807
32 3369
73 174
82 182
66 538
79 3014
61 1590
71 1214
47 189
34 1685
6 1855
42 1637
87 2622
68 2443
4 464
7 2265
70 2642
93 998
67 3698
71 1524
19 1742
61 2127
75 2171
76 298
19 2101
74 380
67 1675
29 3713
68 1876
59 1555
20 2437
3 1513
6 1259
83 3796
72 3689
8 998
58 1664
20 569
55 2367
54 2097
55 2847
1 229
46 397
26 625
76 1904
88 515
53 1902
36 1226
37 442
34 4020
74 2149
50 1368
64 4045
16 3550
68 2801
43 2686
99 4027
47 1976
23 2760
13 2598
59 684
93 811
89 1044
21 1649
97 2962
85 1518
98 2494
5 729
58 724
31 661
40 1733
51 979
67 2165
86 1989
72 1458
86 1394
49 3602
41 630
9 145
62 2033
70 3850
79 23
83 2339
31 593
3 933
69 2490
33 503
32 231
19 2326
39 3494
67 2709
72 1828
6 2996
5 2763
28 638
71 2149
16 153
15 2638
84 2921
42 1458
58 387
79 2422
33 3319
93 3556
32 775
45 1234
7 3744
17 1601
83 1421
79 1686
39 965
6 2450
2 1908
55 3609
17 125
74 490
11 820
67 1399
66 1467
98 1589
90 3811
99 1628
62 1787
64 2005
40 3494
54 1170
95 3428
35 1480
35 513
36 1971
89 1961
28 1147
64 1275
94 2822
53 3403
82 886
85 3136
94 2479
99 1645
91 4034
51 4076
67 1405
59 629
96 550
93 3875
96 1778
91 884
32 422
18 1373
39 802
16 3557
64 3796
52 105
98 3422
65 2564
39 2791
84 369
63 1854
57 2982
87 2138
88 827
83 402
6 2742
36 3867
91 4066
44 698
46 2259
9 2026
15 2575
99 16
94 614
46 3585
94 2905
23 1979
18 3745
52 454
91 3934
87 2184
51 1678
70 2597
100 2526
50 1077
72 3691
94 3051
65 357
70 3210
82 1775
39 1951
27 4041
77 2373
73 3948
2 68
65 3680
63 2268
62 109
8 2909
50 4062
5 3321
16 2991
11 1728
43 1244
41 220
99 3539
98 3601
91 2003
21 3076
54 606
79 1543
62 1297
86 1451
77 481
83 4038
50 151
99 5
89 1441
48 2391
41 2573
6 1607
19 684
67 1402
30 2988
77 443
13 3523
5 3782
99 1698
96 2128
83 1398
1 2624
69 1235
1 593
60 264
40 1264
88 1497
94 755
100 3980
68 769
51 2536
16 2368
2 3196
89 2684
10 3189
27 2976
66 2784
27 2038
30 35
43 2597
79 1518
92 3134
26 2633
24 1098
97 1947
6 1291
90 3077
14 2347
93 1615
91 2974
91 1649
97 1196
96 3355
42 258
2 1768
66 3688
17 2618
97 2202
94 2517
19 3670
67 1069
41 753
49 426
99 2225
60 4033
46 2746
58 2954
58 1921
65 3079
30 1506
34 936
49 4034
5 3821
43 610
21 1342
40 2608
90 1048
48 2458
37 2362
83 3513
87 1688
46 3884
70 2007
48 2758
53 3886
55 1738
25 1263
87 181
51 3814
30 3228
95 973
63 3468
100 1002
25 3493
55 2415
85 1565
35 974
84 552
85 3060
93 3969
13 3475
27 3573
1 3285
69 1627
46 446
26 4060
71 2496
75 3438
97 1164
10 2764
58 1646
44 3584
76 1584
99 1504
63 3347
48 3395
89 2986
15 3365
39 2527
96 1080
84 1653
76 294
9 378
28 3549
1 2469
60 1023
31 2448
2 2638
35 549
17 481
95 1420
75 2524
42 2649
76 2484
27 2687
15 4050
44 510
68 296
92 3979
60 2428
31 1964
54 2369
23 3960
18 249
60 954
57 210
50 507
89 2683
23 429
22 137
39 536
10 3358
78 337
85 1933
71 3401
64 2570
16 3714
14 1582
77 1752
98 3988
65 2558
41 982
36 2834
8 2122
98 637
58 2280
17 2347
70 2218
44 1098
66 2902
2 317
67 1669
50 2217
6 3510
12 983
13 2576
8 3502
94 2507
35 3125
52 1404
82 2789
71 838
76 1128
47 3723
50 3108
36 2627
44 3903
20 3358
87 3449
71 1894
32 2076
77 3875
41 3930
34 3719
75 2817
10 2624
46 612
57 2549
24 2419
43 3965
66 606
75 757
84 2694
54 2434
23 2789
19 2382
64 604
92 2248
17 349
30 3395
62 2895
50 579
22 1286
79 1149
12 1205
69 1037
50 3512
90 2222
89 1811
55 59
23 790
64 1270
21 504
89 1829
84 1290
32 4017
60 3049
3 3594
43 3625
78 3942
53 1663
35 2543
90 2676
40 3186
22 1226
41 893
67 1588
82 3407
63 1583
28 2943
92 2267
95 2960
43 3362
85 1457
30 3102
91 3623
12 2185
37 1745
100 2736
31 1153
69 4079
17 1880
78 111
78 3661
21 2329
91 468
15 1273
15 1718
82 1787
94 3428
65 380
46 1460
8 926
29 3327
9 4039
32 3525
85 2428
68 1494
46 2498
6 134
50 3564
30 1229
81 4028
74 1278
95 2023
77 2511
3 3562
38 870
7 3078
21 4051
80 484
44 2944
99 691
78 1353
8 1399
14 3918
79 2087
74 1607
87 3995
76 3737
17 3493
95 227
78 2024
33 3349
2 1197
99 4025
56 2686
97 494
57 3214
2 2468
8 3332
73 1382
58 3338
48 3340
48 1776
80 1061
28 1034
87 33
58 2383
41 4063
71 2588
43 1162
85 2767
84 457
16 3501
57 2400
52 1117
61 4058
79 2673
57 3594
84 2185
94 1523
62 1845
19 2179
99 840
81 3710
3 2040
99 507
18 2430
32 2594
19 3888
9 474
20 581
83 1266
77 3736
28 3604
80 1321
74 945
1 2585
12 3296
4 1172
25 2754
71 3683
44 3921
9 127
74 3851
14 3314
100 826
50 663
83 3051
26 2854
90 2125
83 3588
97 3243
56 2096
38 1403
56 1254
16 2382
89 3319
66 2857
34 527
75 3363
20 2838
32 3638
60 2183
100 3801
80 1053
93 1018
4 802
49 2619
1 2606
69 2068
52 4080
34 604
95 2559
36 2652
38 1974
26 2829
39 2010
82 119
28 865
87 1035
22 1652
21 2461
21 2217
36 1253
58 908
81 489
40 3674
48 98
12 455
13 1125
48 570
62 3143
51 2227
37 2674
76 3083
85 913
54 1665
25 3090
77 260
99 510
68 3567
43 2059
44 2090
92 1183
29 808
56 876
45 2165
66 3956
11 3182
25 3386
25 2145
86 2806
17 3575
56 3593
74 2046
27 905
36 1005
47 563
14 1022
33 1542
45 4052
74 3206
8 2339
37 2415
41 1501
8 3593
74 1906
98 3358
8 5
83 1121
10 2861
22 3565
33 892
23 2862
10 1776
44 3742
47 2725
47 3851
7 1819
77 2391
96 3872
15 2869
29 93
58 3064
17 888
69 2147
4 2114
71 3516
61 1646
38 822
53 2589
76 1055
49 3318
57 2183
57 2977
54 264
21 2364
72 337
84 1165
89 2553
25 3489
79 1704
98 2217
20 414
46 3405
28 3186
89 1703
1 3113
28 953
95 1964
46 1676
91 2586
20 1262
18 2399
95 2226
55 383
14 1457
2 3123
86 3209
69 3439
77 676
33 317
2 2673
5 3301
45 532
69 3458
99 3395
7 2150
73 773
73 2987
82 1307
41 520
64 1358
58 2341
63 3082
83 2987
73 115
60 2038
3 2636
59 2316
15 2411
41 1278
37 3624
83 2269
76 3879
31 3297
34 431
4 3853
65 3362
49 2259
39 3779
69 2008
98 356
37 2584
44 1191
51 2062
73 2480
23 1214
91 2670
22 2306
12 545
74 3541
23 1226
45 2763
43 1297
65 2837
24 2074
44 777
65 697
24 1324
27 67
18 1392
18 2628
61 456
97 1990
25 3653
34 170
5 3509
79 2298
47 1885
42 3100
54 477
97 1373
89 3505
29 517
73 3956
91 22
7 3128
81 3855
19 3850
100 2247
38 186
92 2406
46 3811
43 1772
95 105
3 2224
1 1851
97 1834
64 1569
6 1992
32 2932
77 2678
7 565
8 1449
86 88
67 3723
45 2014
17 3966
84 2639
81 3327
95 2416
78 3324
38 954
89 1429
3 3410
88 3950
93 1336
76 111
25 871
75 2218
42 1157
37 1230
2 3877
27 802
63 2740
16 1066
47 1485
57 1228
71 1353
37 865
42 1980
10 2910
92 3249
84 1120
68 482
77 981
50 1085
47 711
17 3309
40 3284
84 1543
41 3010
52 545
14 1370
45 2798
98 2562
77 2951
71 3996
44 298
35 2127
63 260
71 2416
76 1221
14 2209
94 542
76 2385
60 1648
59 1015
16 1440
84 4088
73 521
49 821
40 3927
69 1479
24 1739
45 906
66 2615
49 3342
36 2350
86 173
67 2849
57 879
28 3855
41 2591
38 181
6 1338
57 1038
63 76
24 2879
30 995
85 1062
84 2519
93 1124
44 3416
45 3217
8 2268
41 2048
42 2368
31 942
66 3004
10 3443
82 1823
76 2404
66 1251
26 3452
97 1706
73 48
64 4093
63 1891
44 547
87 2903
22 2979
19 1863
50 2661
49 2111
68 3926
85 1813
24 1840
92 3550
10 1305
37 1238
31 3321
37 3138
26 2455
5 2633
58 1943
24 1719
22 2294
94 2075
90 2290
86 2425
99 1546
58 3771
86 261
16 2379
70 2032
5 480
64 805
97 477
92 453
62 2165
44 453
79 3221
78 3368
87 3603
65 1288
27 3680
98 2072
90 2123
85 2481
29 3898
60 4021
9 1671
26 3897
16 3989
58 1161
69 2649
13 1843
69 262
23 2971
60 2675
83 1698
2 2996
70 1515
66 2006
99 1426
63 314
31 2087
33 2080
27 36
76 2140
76 4028
88 2808
94 2464
29 2888
15 2836
55 1501
25 3724
28 110
51 1421
51 1041
90 3921
59 100
35 3339
27 3798
90 54
97 473
97 2533
56 1759
40 2252
58 2238
75 2016
2 1427
20 41
45 2786
25 3651
70 211
12 1084
38 1290
22 2489
59 3699
70 2832
79 2527
40 3354
9 2167
69 738
37 2499
30 4046
94 301
71 1366
22 1451
36 2815
13 299
23 1971
45 128
19 2579
7 2904
58 3901
6 2581
71 1522
28 571
84 960
86 917
53 2899
65 899
16 206
22 1087
28 4010
50 2822
36 2974
46 2246
96 2680
42 2770
92 2387
2 1546
65 1905
5 2072
44 1090
12 3773
68 108
71 59
13 2924
37 3332
78 2530
42 625
79 911
71 2863
94 3924
32 1977
62 2789
99 2026
14 1543
73 3461
44 2988
57 2523
11 3712
97 3407
23 3725
67 1280
19 604
17 3565
98 679
27 1007
50 3866
27 2719
91 2409
37 3156
79 649
64 2486
45 1561
36 2635
52 3492
82 3714
65 492
74 1183
7 2802
35 2608
28 2982
98 3985
19 2500
39 1213
1 3255
68 667
88 2792
5 3444
4 4064
42 1431
24 3927
28 2484
22 1945
74 1416
94 220
87 33
73 3540
49 1856
60 2528
4 2756
66 3340
94 1493
55 2478
88 2290
90 2822
64 1809
4 671
4 2974
96 3861
57 3265
88 220
62 3185
79 3218
4 1606
1 4011
53 3335
82 3687
23 1192
96 1571
45 417
44 3104
1 2947
51 2420
76 2294
84 2117
86 2168
28 663
84 1998
9 2199
48 1433
97 3868
79 1271
46 1402
66 1430
16 1847
82 3267
70 4071
57 532
38 3941
69 482
17 191
45 200
53 3904
1 637
70 1704
26 22
100 2740
96 837
9 3754
90 3016
76 16
82 2357
6 207
17 2383
23 1617
68 2011
43 1416
86 2660
43 310
60 3228
38 1269
82 3489
41 445
85 4053
42 2495
25 1605
50 1062
62 2499
48 2754
1 1318
66 3649
12 2081
84 1441
56 2191
35 3939
42 3764
4 475
12 1024
52 3384
44 1021
22 3952
10 195
78 2491
29 2185
4 3478
47 1421
2 2734
81 3997
7 48
15 1829
55 3413
16 1002
31 555
5 710
74 3004
27 1624
68 260
70 3777
10 415
21 3897
32 1271
85 2825
77 626
69 4083
5 720
27 563
40 3310
20 3922
20 3588
4 3705
24 2266
40 1259
17 3050
39 1178
60 2803
42 3259
26 2198
23 3982
47 615
88 3496
26 1686
14 1369
7 1526
87 666
61 1730
70 3512
71 1506
26 2423
71 1612
68 3922
75 481
72 296
38 974
5 1405
88 52
40 2922
9 765
30 2635
90 1388
44 3307
9 3573
86 3015
74 3396
69 1440
79 844
77 1229
96 252
4 4002
93 1704
22 2813
3 2113
46 3491
17 1831
81 1071
43 1232
61 2239
89 3002
82 1690
61 2498
10 3212
90 298
44 569
86 1868
22 1774
59 1783
62 1230
7 2127
76 2676
34 2653
34 3080
32 4026
78 496
91 2379
38 1136
65 1219
43 26
84 594
90 2065
85 1068
51 1936
58 232
9 2649
23 3788
40 2220
44 877
83 2132
66 2424
99 3736
23 716
59 1487
86 1025
40 3450
39 2105
42 4079
44 1160
70 1926
8 986
18 3750
66 1705
37 3021
81 3075
36 3386
30 3683
57 2108
74 3800
90 2236
68 1009
81 2346
62 3006
33 2189
66 150
10 1461
84 495
54 1813
87 2986
57 683
60 1793
68 3365
31 2997
93 1680
92 874
63 3427
63 1407
69 900
17 4005
32 386
6 3106
58 1193
20 2959
89 1703
4 3742
77 3811
42 2357
3 2816
21 359
27 3956
29 218
74 3115
84 866
66 1940
46 3005
33 832
90 74
92 1518
4 933
20 783
30 1508
21 2015
44 3576
46 1024
70 1132
79 1070
13 73
40 2973
46 5
48 1712
6 3141
95 927
74 470
8 2150
70 1567
36 1979
27 3429
73 2842
80 630
38 2745
42 652
51 3110
72 3902
2 1662
99 2802
61 2820
86 1819
2 963
44 2094
88 3690
40 1948
16 2638
32 1469
40 91
58 1153
63 3859
96 2553
5 2528
55 762
89 2169
59 3465
60 1312
7 541
7 3474
74 1290
67 2198
21 543
31 420
75 2122
14 12
98 3345
83 982
41 2647
13 63
44 3601
51 2875
1 3122
50 59
75 2364
60 2200
2 2503
13 2794
13 1040
26 959
13 3723
70 2339
19 744
56 676
42 2732
58 2702
20 2969
40 1108
22 1569
30 1560
97 601
96 3490
67 4060
71 2051
51 1304
17 68
87 3979
78 3901
94 1629
16 4016
52 1218
73 2499
34 4
42 2083
52 675
3 1408
11 3306
45 282
57 2988
8 176
63 1245
75 1125
67 2648
6 1752
84 1409
47 443
46 195
57 2715
82 2450
86 1770
72 248
33 302
37 3978
63 2725
45 2915
4 3063
51 3142
60 1189
81 1021
28 1872
37 515
2 959
45 1158
65 907
11 278
60 2634
41 1756
68 4077
21 3518
74 409
4 1509
28 2398
59 3563
22 2247
3 2430
55 2915
76 2336
25 3652
70 3450
98 3004
43 3137
14 156
1 381
16 2433
14 2841
42 2138
70 2217
23 808
55 4025
66 2169
46 3076
47 1205
32 764
44 713
65 1222
80 3843
50 1161
46 1058
29 38
27 1343
2 2236
64 3131
36 3918
98 2038
82 2896
98 2107
87 1096
3 3190
19 4071
70 1975
40 3522
94 1457
46 1623
95 2127
52 1909
69 442
88 2852
24 403
69 3414
64 2423
89 2549
33 4087
56 3744
97 1407
34 2986
9 817
67 1006
65 2997
41 691
87 192
31 399
97 2646
38 109
40 1826
46 1391
60 1638
15 585
12 3487
80 712
45 3949
26 81
37 2012
7 2941
4 3715
64 1938
42 2134
48 443
12 1489
11 3731
95 4072
58 3466
93 868
46 3240
94 185
64 1054
89 3553
95 705
32 2221
30 2380
51 3181
29 1648
38 2557
82 1901
13 2640
4 3263
51 2561
61 131
36 2586
51 3686
35 3226
23 2807
6 1777
52 53
21 3061
72 1739
77 2653
15 3362
29 1380
67 1061
88 2702
100 2538
34 2860
85 497
21 1943
54 23
100 729
82 3753
45 2245
41 2406
17 2141
88 3353
17 3434
10 1809
98 3784
37 641
49 3096
78 3554
99 1750
55 3208
96 40
26 667
36 1963
51 3273
43 32
50 1319
8 1629
55 2868
91 3193
20 1684
44 3448
28 1173
44 1405
26 210
19 584
61 2750
92 2551
13 1391
97 3739
11 528
58 2148
2 1845
49 2421
40 647
77 1195
82 300
67 557
64 2994
65 2102
3 1019
73 2524
49 3308
54 3089
43 1394
75 1169
93 2405
65 3767
49 2997
55 769
3 3607
51 1876
2 2509
44 1282
30 296
7 513
95 1971
100 987
47 4013
55 1785
54 2709
93 3231
13 2173
45 1170
21 895
54 619
33 3900
58 214
25 829
3 3718
13 781
38 2439
92 3169
1 3934
41 3403
30 299
87 478
45 3032
31 2333
65 3723
43 2042
78 3631
73 2739
12 61
40 1243
3 596
27 3912
62 678
29 2362
59 1973
20 2136
67 3682
14 1703
9 1168
55 2721
98 3165
42 1039
23 2511
14 2447
63 3249
53 2253
8 1615
9 2781
53 957
34 2807
9 2713
3 1104
62 3460
90 819
63 2745
95 1324
93 109
87 416
51 2044
54 1093
4 2454
82 943
40 1318
31 2264
78 672
7 1106
68 1821
65 1585
28 919
99 1714
3 1846
1 1379
30 1303
14 476
38 559
96 445
76 817
3 2984
18 1013
59 311
48 2125
37 971
77 3625
44 1032
59 862
97 13
39 1686
60 564
88 3185
51 2238
92 2607
18 2659
27 4069
34 1461
57 2697
95 2669
61 3187
71 574
84 2098
45 3162
60 254
7 1570
43 470
18 830
90 3172
7 3301
70 1653
52 1009
49 3409
97 2609
81 143
61 2734
22 724
35 1949
97 815
98 1684
24 92
6 3006
21 1291
96 119
