4096 2000
25 287
86 3964
68 1107
18 2634
95 2098
98 491
11 3718
78 2537
71 3608
25 3324
20 1822
29 3467
26 3794
20 3945
82 517
37 3590
47 894
14 614
4 1207
40 2803
37 1433
25 3871
95 523
63 1729
62 67
24 3529
85 1285
3 2434
6 1523
54 3511
7 1738
97 2842
11 2366
23 534
44 2606
64 2780
3 2533
78 997
95 768
61 3088
79 3680
88 2723
92 1323
72 1849
65 3341
88 787
66 172
80 3612
97 2987
41 2012
16 3385
72 1438
97 3249
66 779
93 1062
50 755
14 2289
85 1513
31 440
6 2359
84 529
70 665
28 2677
76 3236
55 228
63 3063
24 1846
40 1336
87 2838
62 919
83 1883
53 448
52 1053
5 3686
44 1226
29 1175
54 998
27 2453
50 2018
4 1145
69 2742
79 1761
4 514
64 1490
75 1114
24 3154
40 4080
57 3071
12 1465
25 2527
74 513
85 347
54 1443
7 1087
64 294
11 1608
32 2341
24 3527
59 2368
28 2109
17 3327
42 2380
78 671
99 249
15 4015
47 729
79 2379
67 1940
93 3874
38 3184
87 1161
39 3106
89 4063
4 2259
54 3455
84 1718
85 1437
77 1898
27 1355
54 146
53 824
82 1703
34 1948
14 2926
73 2572
85 1796
52 2708
81 3136
90 3341
43 911
71 1570
64 1288
2 2628
21 1017
71 1235
70 1159
26 2035
54 1164
50 2407
89 1611
22 2006
86 517
49 114
69 3290
54 855
32 2057
36 2731
84 1333
38 2432
17 1148
30 3510
83 1628
40 1072
19 1334
6 2783
64 264
32 2253
4 1308
18 336
69 1724
82 604
48 3613
98 3027
58 500
86 3198
47 932
64 3953
23 4059
68 1253
44 310
99 143
5 631
59 1352
62 665
80 2439
100 2877
86 2071
82 2280
81 3243
23 2362
64 329
81 859
50 1755
34 1113
43 2117
94 2946
36 1994
24 558
58 1417
74 937
71 3609
1 2801
75 2110
92 2583
24 3762
21 3600
34 45
18 179
56 1183
4 710
80 2713
43 1463
99 3134
12 3956
7 3242
96 213
14 512
85 241
82 3996
95 3877
93 3671
44 3655
20 3742
65 1419
64 1028
76 31
69 1687
9 255
40 3513
26 1178
62 909
75 1315
68 307
15 4041
91 282
6 3867
28 3105
13 3571
14 3162
73 3578
97 3021
72 3833
23 1005
35 1334
57 104
8 3078
32 3902
96 2432
44 1851
52 318
24 2101
21 1987
58 3513
50 3859
14 2354
100 2671
26 2852
31 1888
8 2398
10 180
77 1637
33 3513
2 3552
12 1553
42 127
83 3437
72 1959
68 3337
39 2789
3 3953
94 2343
19 2324
78 837
67 857
14 3336
48 1639
44 196
51 2317
11 2902
94 957
28 1644
69 1159
30 1624
79 880
8 3498
76 1362
36 3262
21 2841
43 3799
97 3236
15 636
50 3914
79 1832
7 481
65 1908
45 3665
27 1734
43 3056
5 1126
27 3673
7 575
66 2270
48 526
6 3838
76 614
50 3266
1 3755
52 2079
3 1122
71 2127
9 3996
11 2483
33 2422
42 893
79 1280
1 4073
74 1406
30 1594
3 3259
15 2159
40 216
20 1024
67 315
22 1365
80 1564
87 368
11 1090
74 3095
55 195
32 2961
87 360
21 3328
50 1086
85 3696
36 2160
82 23
15 3086
18 2249
76 51
1 740
82 3008
47 3077
89 3957
87 3511
87 1966
79 1529
54 1215
85 4091
100 1585
54 2547
68 1352
13 2023
41 3614
67 3740
20 3788
23 1181
11 1490
45 2699
42 2236
93 1404
53 391
53 2430
73 3693
60 3904
5 2018
58 829
1 826
11 3709
51 3025
8 4006
48 3735
22 1318
52 1251
8 2477
54 2032
72 3590
74 2716
16 4026
60 251
69 3493
40 2090
41 1540
99 3075
84 3257
79 408
70 623
74 160
88 1173
62 1860
69 799
99 3432
72 2217
16 2215
18 267
62 1883
43 637
16 3983
93 2791
85 3328
63 868
19 1021
94 3780
28 3429
68 2589
80 408
3 987
80 3678
51 1795
65 1252
73 166
58 1724
78 3010
50 2978
88 475
50 3654
50 1848
86 2831
60 1757
27 2387
1 3355
67 3635
37 2538
33 3447
92 917
58 2296
22 3736
79 1883
41 1533
73 256
15 2974
81 3348
41 391
62 2256
79 148
31 2396
98 3341
38 3746
94 1054
72 2017
66 3698
48 3051
97 139
42 1889
59 1602
16 3677
39 1956
40 1203
14 913
31 397
92 4005
76 466
9 629
23 934
35 3211
38 3652
28 3165
43 2052
67 3444
64 877
1 1987
1 1427
26 3384
17 2192
92 1991
36 1260
59 1283
25 1051
75 1839
20 3593
45 837
65 3764
46 1659
47 3208
94 1562
89 1954
40 445
32 3394
81 1912
9 4028
99 4076
59 1705
6 2915
28 3172
34 643
45 1610
8 1721
2 1385
19 2996
68 288
62 484
57 4009
49 1524
22 661
39 698
4 3241
25 1783
46 1938
49 3605
66 1258
71 3682
12 1630
22 49
34 588
64 3510
3 3505
61 3115
30 825
98 2627
89 3976
33 2077
73 4001
59 3970
91 363
42 2856
41 3628
69 392
46 3746
68 79
81 3483
84 1111
8 3485
93 2213
5 670
87 1698
25 4067
38 3669
28 3536
18 1718
6 2923
29 1422
75 2917
1 3616
38 2252
50 2802
51 3186
4 434
82 4040
46 2786
37 3388
31 1161
3 64
62 3234
67 179
3 3401
42 1331
22 1460
79 2539
87 2716
42 576
37 2332
25 1236
1 2238
39 1314
92 1791
30 1314
87 3964
42 3684
65 880
79 3955
32 2868
49 910
39 1339
28 1209
46 45
64 1378
13 1449
77 1045
46 3791
59 517
41 2964
11 339
71 3208
27 1835
11 3789
5 175
28 2881
48 2790
83 435
42 80
43 1685
13 2855
97 4069
20 2723
3 2162
31 1151
69 973
21 3859
44 1415
77 75
7 3289
49 3666
37 1332
3 2195
22 2260
98 2244
53 3730
23 2981
50 806
95 3368
23 750
46 3995
18 1910
81 1806
17 1257
16 335
93 2128
61 2521
11 2263
99 1128
59 2892
99 275
9 277
63 2130
14 766
61 4048
35 1822
26 3236
75 3606
13 2959
18 2824
18 1214
95 3198
90 217
92 256
40 1790
35 619
64 1575
11 1223
52 1977
88 1008
12 3502
69 1778
73 2464
99 3586
86 2053
17 523
26 3168
32 2904
20 988
55 632
25 2210
2 745
36 2144
67 3392
88 3954
51 1952
75 3132
41 1903
67 919
36 2824
55 3705
7 2141
20 2970
100 2063
13 10
2 2638
47 3943
26 1907
19 1252
74 2014
97 1504
9 371
99 3597
73 2037
40 3665
69 3390
17 15
78 1952
16 2381
26 2845
35 2612
18 513
34 671
19 352
38 3620
62 3030
20 2234
60 1566
19 1576
35 2154
44 271
3 320
81 2881
95 3268
61 2189
76 3555
100 3401
32 3161
87 2390
89 1896
94 1782
61 2941
19 132
34 1653
4 4012
98 2851
74 1157
7 470
85 1345
2 1105
73 1657
96 140
74 535
9 936
28 2717
88 741
46 3660
85 320
20 4091
53 1403
38 1682
69 96
54 3327
17 2778
28 206
87 12
99 350
24 2824
60 3452
35 3807
80 2494
60 2473
70 36
40 1753
66 668
63 4036
46 3311
67 1091
58 599
89 3117
5 3655
36 2667
8 3279
78 791
94 1056
57 609
86 952
1 1511
64 1777
95 1017
36 2321
84 697
39 990
32 4076
37 1560
32 2393
98 2128
95 1025
82 2356
75 3944
87 2315
52 2864
51 3537
78 158
97 3540
46 3660
80 2130
65 3299
83 2048
18 611
19 2278
63 628
73 3965
72 1618
32 3466
81 1539
80 1921
90 854
89 584
47 2577
91 2185
68 1791
26 2400
93 3336
79 174
31 3957
63 2853
12 2759
2 2139
41 849
32 1745
3 3192
9 2693
93 929
12 960
33 3302
36 1549
76 3361
84 1988
20 203
34 2450
11 516
47 551
35 3928
61 3555
84 101
99 3067
4 772
83 3240
56 842
39 1109
99 3246
41 1043
86 2508
98 1014
38 1095
59 2773
79 573
27 789
4 1915
39 1084
79 1449
26 1210
48 1716
34 3920
53 456
44 2603
98 3588
29 2115
59 2579
92 613
9 2495
49 1187
59 2611
51 3471
13 2221
54 2444
82 511
29 1793
38 4006
84 686
86 2547
44 4067
62 2837
69 4037
3 1117
21 895
15 3937
2 2581
47 4056
39 2879
45 2412
54 1754
70 783
6 1051
96 1066
100 1057
68 928
15 1554
72 3112
54 986
48 2046
88 3742
94 3961
38 240
45 85
2 2005
68 248
18 1322
42 3207
100 1721
68 12
70 3788
47 3804
69 606
71 2738
95 2950
95 3470
83 2572
27 725
31 3159
49 1832
63 3304
39 728
9 3108
58 2901
17 14
60 3510
13 3850
73 949
27 1940
54 1949
13 276
6 3388
39 560
68 1561
54 824
100 688
83 1375
99 560
18 1253
52 1118
82 2275
23 970
20 3748
78 2386
91 1507
18 2383
30 1559
50 532
59 1689
88 1740
84 1387
32 2543
77 3842
14 3147
38 2465
84 2263
27 699
68 2670
6 1053
43 1940
75 1196
50 244
38 1900
75 776
20 2866
64 2004
1 847
26 2917
76 3551
23 1590
55 2135
36 2561
65 2988
30 3182
100 2092
17 2503
87 1250
82 1944
21 3521
24 2641
70 1139
48 2446
33 997
47 2576
15 3233
25 2369
79 3921
53 7
16 1966
16 2755
57 116
41 3247
2 3907
70 418
31 3813
14 1524
31 3605
70 2839
37 1140
23 955
88 1387
23 1547
59 59
13 4022
8 645
41 1984
64 3841
10 2125
7 2228
39 2885
24 1504
89 2799
65 186
69 1517
77 2859
56 1600
38 1698
34 1360
5 603
22 3780
79 3966
32 2006
46 2801
7 3265
24 2577
93 2876
48 2365
6 996
42 3118
69 3874
65 888
38 2030
53 427
49 245
21 578
73 2275
35 1596
41 61
96 219
85 1232
47 1281
71 2778
62 1588
10 2099
49 2190
25 2489
53 3254
70 1565
84 3811
66 613
40 1738
55 739
93 3071
7 3632
97 27
11 1987
71 777
89 856
56 346
87 2973
79 735
73 1515
24 1787
39 3571
13 792
15 1792
45 2974
30 1765
68 3328
77 1141
30 2067
7 565
68 3795
36 1111
96 278
83 2578
36 1352
56 903
50 3075
70 542
50 464
17 2299
5 767
83 1289
34 1267
37 3352
98 1459
68 2081
42 1239
43 1201
29 3178
11 2528
33 3774
27 3570
12 3808
47 2522
31 2347
8 3612
61 690
60 3111
1 3232
62 1194
42 2185
66 1751
87 2368
72 843
33 2634
31 1881
99 2705
50 967
4 1368
76 2590
11 115
21 2731
24 2908
21 2760
27 14
25 2637
14 3130
3 1525
98 3242
67 2850
59 1641
47 4090
5 1988
72 2664
96 351
46 2974
33 3262
80 1268
50 3353
32 20
34 3884
48 1468
98 2947
52 223
28 1262
24 3871
67 3706
48 3151
22 727
35 857
69 2876
74 1541
1 1341
8 18
5 2739
30 3963
99 2693
90 1348
79 229
90 3635
10 545
97 296
87 3176
3 1752
66 1069
76 882
20 2341
34 1888
53 1133
22 182
32 1943
100 2302
79 1381
25 2082
81 1122
68 3098
30 932
70 1820
11 2744
75 3912
60 2082
61 3659
50 3118
50 4007
86 3355
12 4025
21 139
50 1740
51 1782
61 3127
91 1344
24 473
95 1425
40 2285
16 1767
32 3883
68 2796
57 78
37 799
72 1970
77 79
95 1258
97 32
53 1735
22 2721
29 620
92 2892
36 2242
49 3384
94 292
42 2529
91 805
68 3523
78 3044
5 869
81 282
35 2815
83 1163
71 439
29 564
99 3661
7 3126
13 2275
79 2677
70 1700
76 2615
100 3046
23 1359
17 205
74 2697
53 1222
6 2020
81 420
70 2787
74 1983
94 4016
11 436
65 4003
94 219
87 175
66 1455
25 2049
32 2112
35 2876
100 3712
21 3388
14 358
91 778
66 397
48 1635
63 2817
15 3925
44 503
100 1866
74 2318
52 2639
48 733
8 80
76 3998
79 1063
2 335
78 355
77 1665
12 1470
33 599
32 343
51 562
71 2570
77 4002
35 1786
8 2379
92 1899
15 919
38 1858
93 837
68 338
67 3273
60 1863
17 1823
88 2901
29 2340
47 1739
17 3414
76 3965
91 551
46 1446
49 1982
57 1943
88 1226
56 3720
62 2623
73 3233
71 652
75 2640
2 235
92 798
34 591
12 1378
60 2748
99 3226
2 2900
52 2130
33 3920
16 3685
5 3775
100 3111
97 3269
99 3
8 3245
10 2298
39 4086
43 1956
92 1535
78 487
98 484
4 3483
19 191
100 72
66 1491
24 1063
37 2967
37 3469
99 2323
55 1963
11 2017
20 854
66 3258
25 2585
72 2046
11 881
29 2686
19 1816
73 1782
51 2890
84 1546
8 344
100 4028
8 2555
82 3187
57 3725
27 584
98 3112
41 3290
4 441
28 574
33 3768
79 1588
55 2039
21 3373
41 2545
82 688
28 1238
96 2604
32 2873
98 116
25 2800
19 2982
71 443
96 3414
23 3415
39 2204
78 3149
59 477
72 3063
41 1924
83 575
11 303
8 3230
98 1507
87 503
30 411
74 2320
33 1020
58 1472
21 3645
2 227
88 3875
79 1446
15 370
24 8
13 1923
82 808
21 2393
33 1034
31 1947
16 1424
30 741
59 1654
36 2408
93 2096
48 3914
66 3707
76 1600
32 3947
46 1468
50 166
66 439
85 1518
23 914
7 2633
88 4086
64 1121
14 3702
82 2489
37 1802
56 3969
19 2809
71 1215
64 539
89 2281
10 922
71 1299
72 3419
64 94
24 1270
98 3096
43 2685
80 1988
82 2894
8 206
87 867
58 2218
35 3657
4 3986
35 400
59 2104
81 521
70 2680
87 2121
97 79
54 1402
74 552
54 3293
7 2279
66 2918
8 2689
28 2562
62 3362
46 145
11 2220
8 1325
23 1864
1 3628
91 1688
28 3219
50 945
80 843
80 513
79 4034
71 2129
51 1178
1 2542
43 1530
91 1764
30 961
67 2217
74 113
76 34
36 430
13 1295
52 3486
47 75
88 3734
67 271
63 3377
63 2429
14 3119
94 101
28 2680
96 2225
89 1751
45 1830
55 328
87 1507
85 3584
5 308
13 944
70 3205
29 968
19 156
24 1777
60 705
47 3458
45 1350
41 2669
82 1585
55 3918
90 2185
45 1181
51 905
80 2396
20 3640
11 1593
96 3919
28 2126
86 2807
46 2562
87 604
51 220
17 3963
24 1430
20 3210
75 769
38 1399
89 893
51 2616
48 3514
12 2530
62 811
100 3569
25 2330
39 2742
31 1694
66 2717
61 1202
71 704
84 4034
65 3882
3 1114
29 2655
94 3487
63 1197
1 3334
50 3914
84 1982
3 2984
87 1569
30 1009
18 879
97 1078
28 2211
65 615
61 1597
21 2855
83 1585
57 620
31 2587
69 3879
44 1446
97 1872
71 2987
87 3641
39 2388
73 3721
62 181
38 1250
40 2483
4 444
31 2264
66 2693
76 614
89 727
93 1033
41 928
78 109
67 1809
35 3558
57 3554
21 1906
82 1019
2 3879
24 381
73 35
44 2248
55 25
68 2050
35 60
88 3839
16 3285
66 3570
17 3469
46 2392
38 2634
77 682
83 930
44 2529
80 3967
77 2977
98 3733
8 2204
81 1971
33 299
35 2933
93 3122
1 711
47 1417
43 3876
20 3012
46 1560
93 2856
5 1297
12 3201
55 101
89 1072
9 3208
55 3493
74 3432
56 3112
60 3832
10 292
6 636
80 528
100 1420
31 2829
47 3136
24 1372
12 2876
40 1502
76 2556
70 2712
27 1752
76 2748
63 1803
60 3354
31 3901
37 1984
28 1257
88 855
20 1954
75 1558
45 1175
21 1328
86 3404
74 2929
91 1307
48 3529
22 3651
21 49
6 3944
10 2896
100 2951
75 91
67 3294
6 2786
84 532
55 2144
30 3176
36 1659
39 2205
27 250
7 2034
50 2472
1 1862
64 2946
1 1826
45 1360
24 2527
31 790
33 2396
27 2876
67 3821
95 537
8 298
11 1287
42 2686
80 1916
15 1217
28 2211
51 2811
24 691
16 2804
55 1219
87 3501
80 2959
20 1486
38 630
39 2660
34 14
14 3361
44 1363
86 2835
55 2572
52 3570
19 3034
24 1746
56 2824
62 1678
30 1688
46 1954
70 2881
67 2287
55 553
90 580
3 3807
36 1866
10 1793
69 256
25 560
49 955
25 2012
88 3220
63 3153
42 685
48 1883
6 1293
4 1980
75 82
81 333
97 3099
67 505
28 1116
5 1472
95 2565
19 1099
75 1527
67 2123
27 3849
11 1452
77 1923
58 3074
27 4001
58 2698
22 3490
66 647
20 3072
3 3359
12 3447
47 1462
40 2765
1 1338
12 1575
28 846
99 543
61 1764
49 1534
9 1583
31 1698
28 1424
55 3213
74 3582
77 3220
25 2280
35 3579
97 390
87 2205
87 2442
67 1091
39 1010
5 1487
93 1
69 3513
79 363
71 1767
54 2205
51 3856
3 3071
3 439
18 1453
49 899
62 2167
15 3569
85 2786
67 3799
99 2195
74 2471
27 114
95 3777
44 3001
15 2261
94 2330
76 2800
44 903
26 2558
67 3158
80 101
60 2462
81 1740
75 135
71 849
21 2632
15 427
89 1110
3 3220
78 1554
80 1123
35 3404
70 1090
86 3063
91 2564
20 3006
36 3352
16 2236
75 2522
66 2437
15 602
44 2593
84 3716
90 1135
67 3716
56 127
90 2474
54 568
71 3739
6 3114
46 1658
35 774
57 3394
49 1907
92 1283
32 1094
52 1219
38 2912
59 3292
74 3677
47 2637
23 3652
22 3236
47 480
70 3753
5 988
82 1520
49 2226
41 673
24 2636
15 283
93 3839
82 3319
54 2340
10 2603
68 1328
59 1627
43 2156
70 1006
75 3644
98 2132
59 1975
23 2295
20 371
7 139
51 826
2 2639
92 1923
73 3221
26 278
75 2085
89 2869
87 2488
16 381
25 3562
100 58
73 462
52 1151
16 2135
14 1626
17 432
47 2694
58 3018
52 835
34 685
16 3868
74 2717
92 2384
88 3567
68 504
53 2691
85 533
76 2592
24 1811
10 3205
65 2902
52 1791
96 2609
1 2019
43 2854
28 459
94 1377
15 1169
64 186
96 2428
17 3672
50 1249
76 78
88 1791
68 373
87 1228
74 438
95 677
51 3731
20 2393
28 1303
51 1017
51 1929
58 2342
70 2825
49 2802
4 1695
38 2507
76 3793
30 3659
25 1100
27 3343
10 3809
19 488
15 2618
52 1834
36 1635
15 2502
71 940
4 1581
80 1420
78 2067
2 240
13 789
92 678
72 5
14 1142
67 3315
18 3269
34 200
27 2585
77 1614
43 787
52 3686
66 767
58 1393
58 1455
79 1204
2 3936
40 1630
89 2343
14 2294
60 884
28 241
20 1217
12 1846
50 2473
60 3924
31 3479
9 889
17 586
93 2334
5 1644
89 3734
19 1433
3 1999
91 2900
61 3163
51 1708
79 3839
53 3843
16 2630
79 951
97 1381
37 1874
57 481
23 454
31 403
25 2255
85 3579
99 1307
1 3366
59 1677
40 3893
5 1738
83 2213
8 1127
10 3702
77 3202
99 2410
63 3255
18 3438
8 1608
64 1708
71 3880
78 3453
91 2671
58 1201
95 1057
61 3635
67 536
55 182
94 2496
16 3738
74 774
35 2580
20 845
73 3640
4 1665
15 2218
40 2441
43 2538
75 200
30 1265
1 639
68 4051
86 2554
96 2835
90 4019
100 2555
24 431
50 628
87 2959
75 3726
63 1421
16 1974
85 3422
32 779
61 57
80 781
55 2847
31 1868
72 871
70 2257
89 3082
75 1489
4 1753
12 690
99 2286
83 1141
78 2166
62 3471
7 3529
21 1016
10 2196
32 184
98 2531
56 2250
93 2657
82 97
46 1125
49 1057
33 3700
94 3491
97 2065
91 1499
78 3648
37 1625
1 1025
56 2570
61 339
77 70
53 708
79 2173
61 2729
30 910
69 3854
59 2633
90 3712
83 1250
32 2561
60 1814
28 3620
46 1096
57 1981
93 3769
91 2322
26 1092
53 2061
92 2297
69 1437
71 449
3 1077
41 556
32 1011
29 2372
47 457
25 1586
88 3526
6 528
74 2250
12 3728
19 4038
11 3504
98 3987
36 2694
27 814
