50 500
6 9
25 8
1 30
97 36
93 5
80 39
26 25
93 38
78 26
24 35
24 19
78 38
71 49
39 15
40 48
79 46
6 5
5 6
87 2
93 29
6 23
69 33
99 14
23 27
89 46
63 12
15 42
100 37
90 40
51 32
87 31
27 43
36 31
50 24
32 45
52 39
67 23
24 17
86 46
45 24
91 7
37 7
51 38
93 42
78 44
73 14
76 1
8 13
34 10
36 17
4 40
6 22
12 29
38 49
26 33
22 18
41 10
25 43
98 17
35 25
12 7
90 38
10 50
2 43
59 38
59 12
77 16
35 40
96 22
88 21
6 11
89 49
70 13
41 17
81 25
93 43
34 35
32 43
36 35
37 44
22 45
7 48
11 41
37 6
64 26
79 22
36 17
20 8
31 10
76 11
35 19
55 20
55 38
14 40
23 50
35 46
44 43
46 6
85 34
64 48
10 42
69 45
60 38
2 42
100 30
4 36
98 11
5 4
100 18
93 24
19 29
70 14
71 15
20 5
48 35
2 7
28 23
54 39
62 7
80 11
36 33
98 35
45 2
88 45
71 32
18 39
10 37
3 30
53 24
34 1
8 38
9 37
62 14
25 25
73 4
88 10
38 35
45 33
87 34
79 9
68 46
98 27
35 50
9 37
25 44
87 32
33 48
18 46
61 44
21 35
97 8
45 36
44 41
20 32
24 48
91 41
46 40
20 30
39 30
66 13
73 5
46 8
52 15
3 14
8 23
49 6
82 43
93 26
33 13
59 8
62 49
51 7
88 20
86 28
49 2
92 23
8 39
30 9
3 33
22 12
7 22
17 41
66 12
18 50
74 26
58 37
77 8
94 14
29 31
94 29
34 35
1 41
74 33
51 28
67 25
90 25
46 8
65 12
19 34
61 44
10 20
31 36
29 26
1 7
58 44
37 42
31 40
84 6
72 35
83 40
59 24
14 6
34 31
19 2
64 32
48 23
53 30
10 32
57 13
38 14
8 25
57 38
64 41
45 37
27 30
76 37
3 41
44 38
71 13
92 35
46 39
59 48
20 21
79 26
83 19
89 40
95 48
80 10
90 26
96 16
55 23
4 10
63 47
97 34
61 38
20 8
26 28
56 45
98 36
72 32
6 11
74 2
58 5
61 47
80 8
14 35
30 17
44 45
15 40
30 28
80 49
85 5
26 42
2 26
30 23
7 35
85 32
87 44
36 49
92 18
7 5
2 38
73 47
32 40
88 11
67 17
9 3
24 37
95 27
14 26
49 22
10 36
4 48
79 41
99 21
58 5
27 11
44 2
59 26
43 47
88 9
65 49
63 38
87 7
64 50
32 15
71 44
50 24
93 30
65 41
2 24
47 29
37 41
32 45
18 24
41 7
34 8
5 46
45 43
5 11
42 38
77 13
81 28
86 26
57 2
68 9
28 17
39 14
57 20
58 26
43 1
82 28
8 39
23 4
81 27
16 25
15 42
87 47
69 24
24 26
78 42
36 5
58 24
20 16
95 27
91 37
27 24
64 36
14 38
90 47
65 5
21 31
49 9
77 17
82 1
94 9
44 29
15 1
54 34
18 48
11 10
36 39
35 1
27 49
89 18
47 5
72 19
35 20
77 13
89 8
15 34
69 8
63 33
10 18
69 29
16 31
38 1
19 23
54 47
73 42
64 19
98 36
89 32
7 15
46 47
74 13
81 44
70 45
29 32
62 47
10 29
27 50
32 47
72 35
94 44
78 7
14 25
44 2
58 3
18 3
49 43
67 31
37 37
75 15
20 39
61 31
69 39
80 50
35 3
36 28
46 13
85 11
39 28
64 46
82 31
51 31
24 17
11 12
5 38
76 26
78 38
9 46
26 38
98 10
43 35
88 40
50 24
51 38
3 16
36 35
47 38
67 22
6 29
85 13
18 10
38 45
99 48
93 24
86 42
35 30
26 22
19 27
97 19
15 2
87 2
36 35
39 2
6 46
82 42
58 50
1 48
46 49
45 38
74 32
31 8
61 9
82 30
35 28
100 1
81 36
2 16
70 42
69 27
88 1
68 45
2 20
44 47
70 39
37 43
70 17
3 33
75 34
62 10
13 13
10 44
99 14
61 20
55 32
99 44
84 16
39 35
38 34
31 7
22 17
2 44
34 6
26 10
39 39
21 3
51 31
48 1
46 11
21 50
42 19
94 25
36 34
9 23
17 41
32 41
58 35
34 43
40 11
2 28
49 23
32 49
5 32
100 50
92 22
1 33
42 46
