4096 500
97 1933
91 2157
7 456
9 793
31 3454
83 3672
58 2317
77 683
18 2729
82 2231
3 580
77 3860
76 2596
8 2094
78 1916
88 894
92 2946
99 2959
93 939
43 2303
48 393
62 1293
82 3018
91 951
83 3932
54 3169
56 2010
92 2715
9 1003
13 2242
55 3836
11 2670
33 2089
48 1989
67 1187
99 3322
19 2073
75 192
54 2493
99 2644
41 228
25 2744
85 552
78 2745
67 2074
30 377
93 4024
70 401
1 482
1 947
60 2584
85 3246
16 691
30 1553
75 484
57 1415
83 1817
62 2947
48 1424
11 3922
81 2484
38 1214
31 3248
2 331
77 4003
50 1300
6 1450
17 3049
44 3886
89 1226
25 605
37 983
77 2702
77 693
41 1427
42 3526
78 720
99 2225
87 2256
39 3599
54 3832
50 555
25 1250
31 3324
64 12
90 1312
16 3094
99 3037
27 2127
21 1728
66 150
41 3367
41 1799
51 739
90 4050
93 2120
81 1042
54 874
60 2181
77 3331
56 554
14 2807
47 2840
19 1250
91 1379
93 328
53 37
50 2397
75 1093
76 1792
46 3376
11 734
62 2489
35 2613
53 1708
47 2764
81 2392
34 1812
76 3221
1 2006
43 1941
25 2031
81 1930
92 3811
78 3467
22 4067
86 1321
53 3067
53 2311
71 285
50 3429
16 2183
29 425
58 2860
5 2958
73 52
6 3101
46 2778
74 2413
92 3956
55 3997
78 433
97 534
39 933
21 986
5 2766
78 168
52 2042
25 749
65 141
70 1573
28 411
37 2274
60 1511
62 1583
66 2373
16 1199
61 2704
77 2207
65 481
64 757
18 3510
93 2
51 1517
30 2260
97 360
56 1849
26 313
50 3958
7 615
88 3192
31 2927
70 1695
19 2026
46 1075
46 2997
3 1656
2 2755
85 3865
63 2406
24 1832
65 1763
36 3535
75 3705
80 3897
47 743
56 3210
74 3286
72 1108
23 613
26 3721
78 4012
84 1923
75 2936
35 2845
33 3718
100 4010
89 163
92 3459
71 2747
96 4090
41 2155
47 3062
28 4010
57 2559
87 2254
19 40
62 3462
46 744
21 3653
76 3545
94 72
54 562
14 2809
97 5
19 3184
2 852
46 3200
25 2586
69 3986
76 3639
63 3230
22 216
47 1544
11 799
4 451
23 277
66 3705
31 755
25 763
15 3876
74 756
7 1091
67 447
44 2972
12 627
94 2479
64 2096
2 2354
87 3653
28 642
3 3399
90 528
79 1756
50 1327
50 2041
50 2367
36 1736
42 2655
39 3037
42 2518
56 4043
28 3423
2 3594
81 1584
46 736
33 3156
62 3143
71 3044
42 868
99 3320
88 1380
66 1608
56 951
78 1202
44 1695
47 3555
5 523
21 3683
60 465
98 3169
65 3395
56 1238
53 1814
70 3242
97 460
89 1493
19 4055
60 858
13 3265
71 800
7 1682
58 2503
48 3139
69 2223
31 3259
11 707
49 3522
73 901
43 2130
98 3919
65 2511
27 331
41 318
61 3377
74 3247
61 348
52 338
95 3035
48 843
5 2983
81 2455
25 2561
84 1537
81 3118
94 3507
69 2158
17 159
93 293
33 3677
13 4058
83 3749
90 3659
95 3160
85 3466
98 3758
24 4007
8 1945
11 3996
1 1836
21 3051
74 1861
52 3166
88 3600
50 2496
96 3030
29 1911
39 2766
17 2673
5 4069
26 1735
94 298
85 1750
2 19
45 1626
90 569
96 3099
58 1692
56 353
95 1529
68 279
19 1208
25 3145
66 3661
41 1706
45 3762
76 3267
19 988
92 2204
59 2568
26 2860
4 313
15 1469
72 4030
9 3199
27 572
61 1925
24 1569
5 1657
29 2693
62 669
66 2706
63 2321
49 758
8 603
93 161
59 2365
6 1229
13 2477
94 1558
47 2624
1 959
20 3908
47 1424
16 3659
72 734
100 2378
15 70
26 3035
20 1029
22 56
18 3004
12 1663
4 2157
3 1297
50 1622
73 1746
12 276
78 1011
20 3025
33 1719
22 804
80 3100
98 601
3 1701
90 1580
80 2819
7 80
33 622
20 427
62 1853
88 1742
22 532
30 1059
58 3717
96 2114
91 3745
26 1339
5 3791
79 691
91 3568
34 3150
78 2756
65 2674
1 1368
49 1198
56 1052
48 2722
87 861
80 3124
77 3767
38 1819
92 4059
41 2068
37 1000
6 1051
91 931
48 2761
78 3333
82 2966
100 342
43 3824
18 3006
85 2976
70 2132
52 250
91 3145
65 1122
51 1129
33 2763
76 1850
65 2599
76 3916
39 2369
28 2600
86 3756
2 1304
83 239
70 1835
78 4079
86 1121
37 1672
17 2301
13 3275
57 1885
5 1461
34 1657
3 2417
85 1225
65 532
12 1926
39 2669
30 3673
87 3443
43 2025
41 1281
93 3657
56 3314
81 1649
80 1194
65 337
74 3171
57 2616
59 3469
20 2180
5 3567
77 95
48 3238
20 950
8 1082
2 1913
42 2023
29 1218
8 3334
70 3731
99 2302
75 3084
32 1964
51 2867
76 1346
18 1240
52 958
27 2955
52 1006
37 2683
59 2782
11 353
84 1972
2 1947
49 339
