50 350
56 34
32 1
68 1
93 27
100 3
61 32
30 3
60 46
87 22
82 39
37 24
60 48
87 24
30 45
74 43
49 29
29 32
30 48
34 24
24 33
28 37
15 8
91 26
5 29
97 36
20 35
9 29
34 47
4 15
91 28
58 41
6 36
22 37
85 6
60 11
88 38
97 2
97 39
27 1
67 25
87 36
11 47
65 46
94 20
11 34
97 20
75 5
57 48
41 41
3 3
1 41
92 47
44 38
35 23
40 4
49 26
39 12
25 5
7 18
75 19
53 23
88 29
77 44
27 20
85 29
22 37
71 15
34 17
4 20
89 43
73 39
21 14
100 45
18 9
14 44
79 16
67 17
45 43
62 21
12 48
99 35
35 22
1 20
88 4
91 28
99 16
16 19
79 18
15 48
78 28
92 6
93 10
74 37
4 36
59 18
85 10
52 19
31 5
38 18
8 31
45 8
96 12
28 26
79 42
73 6
21 16
64 16
77 37
54 31
24 13
48 9
22 1
27 2
55 17
21 15
97 15
72 44
76 50
69 7
41 41
14 14
9 27
79 35
14 32
65 39
44 12
97 17
15 24
68 19
92 40
83 40
4 5
83 32
54 1
38 46
43 3
59 1
80 39
88 45
21 2
33 16
16 30
85 30
5 4
98 48
44 33
87 47
87 19
30 42
71 19
37 13
22 48
16 1
88 3
97 10
6 31
28 21
62 12
2 16
15 2
65 8
84 1
57 20
71 36
13 43
5 1
58 28
100 23
78 38
75 26
47 30
6 24
53 18
37 6
85 2
57 50
61 40
52 19
61 25
7 23
67 13
74 26
40 23
48 19
12 24
94 9
6 1
84 8
70 21
63 5
24 20
56 36
11 9
5 24
85 11
96 4
25 21
79 14
46 27
84 7
52 27
67 7
79 3
14 49
75 29
55 48
100 12
33 12
72 39
85 7
51 33
12 25
53 40
90 50
68 23
59 20
1 27
76 30
79 42
80 3
22 36
2 23
47 37
34 20
75 19
78 26
51 39
52 5
31 42
57 48
66 15
69 17
91 47
98 20
38 27
74 11
62 26
83 10
62 16
81 38
86 9
65 36
47 17
43 27
10 49
27 25
65 45
41 5
91 40
76 30
66 50
90 29
77 22
90 38
40 21
77 25
29 42
13 27
10 5
56 19
5 32
45 19
28 38
75 21
27 1
50 45
100 42
23 26
63 15
65 2
87 41
79 15
34 41
93 43
97 48
13 1
29 8
21 9
95 45
79 21
45 30
17 46
71 40
23 36
56 39
39 42
32 17
8 15
7 50
60 3
48 22
55 28
29 25
36 25
22 14
48 18
94 14
14 14
55 38
49 10
27 40
3 10
56 10
26 15
10 35
69 9
57 24
36 37
50 22
64 23
85 11
41 28
26 4
94 31
93 44
42 21
33 47
80 41
6 6
55 17
90 23
75 48
98 11
87 48
82 50
70 18
12 10
48 37
15 43
69 10
86 11
30 21
7 10
11 14
15 15
31 6
87 7
6 35
67 42
84 50
41 5
18 2
67 17
40 33
9 9
92 44
71 22
64 29
83 26
92 49
