4096 5000
55 109
25 2640
55 2556
71 2599
47 1484
52 117
11 2965
99 2563
43 396
88 615
15 2583
29 242
11 1783
65 1104
81 1872
82 716
24 1094
67 3242
86 1477
4 296
68 895
12 3419
55 1939
81 549
10 3889
60 64
99 3460
17 3101
74 153
72 2463
93 1238
94 4004
63 2436
46 1884
48 797
31 2775
56 2591
45 1454
53 3982
59 2766
46 3166
38 2052
57 3134
57 3675
39 1164
89 1215
37 1122
98 636
45 175
99 3372
44 602
58 2663
72 51
12 3624
80 2022
37 3709
39 1026
20 3620
80 2720
30 3350
8 1142
100 2188
51 1589
95 1723
92 1246
38 2735
75 3047
37 942
49 1320
73 3032
70 2761
52 336
87 212
7 3850
51 3056
87 2718
5 3570
54 2363
82 3632
53 2825
45 986
59 2627
89 2763
68 3033
95 4036
65 3328
1 516
27 2391
91 3522
56 3658
21 1150
3 2582
79 3088
84 1684
8 837
37 3404
78 1875
75 1758
94 1406
55 528
82 2663
7 4046
38 3421
72 3905
18 387
74 1231
20 1648
20 2158
36 563
61 3263
39 157
98 3221
96 408
86 2573
66 1576
80 3159
10 2858
84 3320
70 1351
80 932
85 2497
82 3272
32 1877
5 687
3 1077
13 3838
66 2423
62 3265
86 3843
1 547
39 744
1 1464
69 2716
99 1686
90 3814
29 1706
82 682
29 2262
10 2213
32 901
2 2801
58 427
7 3603
79 3956
69 1335
47 575
10 15
59 1582
83 2725
67 2700
35 1788
50 560
5 1190
81 931
15 1673
31 2596
9 2472
34 1503
58 2616
10 1230
42 1768
37 1931
55 3843
32 417
51 2682
64 817
45 3425
5 2842
95 101
68 3921
97 1506
28 2149
37 1345
71 1858
24 917
23 3813
88 795
19 370
5 1062
34 3012
99 3902
44 20
62 1108
97 3748
85 2536
68 2981
65 1895
90 3921
59 588
98 3102
44 672
98 92
31 368
77 2007
17 1247
42 1076
60 654
11 185
37 3955
33 2969
74 3408
54 2338
99 2887
90 349
6 3843
43 882
6 2172
33 1884
60 1433
23 3968
23 716
43 3730
53 2041
7 3130
15 3751
62 196
42 3855
77 172
61 598
49 2023
52 3971
68 762
82 3876
45 489
12 2439
69 3891
35 1307
20 427
20 3342
28 1150
68 1462
22 1962
56 3878
49 3865
64 2653
35 723
39 598
76 477
53 33
65 1588
91 1325
50 1529
96 810
64 1883
99 1415
48 3051
80 281
76 4096
71 3048
4 442
25 1558
52 35
91 2648
87 2531
52 1476
58 1054
36 1404
19 1335
81 442
97 2267
72 2153
97 636
17 2136
91 2495
100 402
24 2692
83 4
90 17
55 3237
67 1234
80 2568
99 3415
83 773
98 2087
50 3870
94 3070
42 1478
77 263
14 243
1 605
12 1597
88 2602
52 1925
70 154
53 1068
63 1680
11 3673
51 3510
78 1652
8 1563
45 1757
100 3351
43 144
1 2752
46 2273
20 1029
25 2555
54 1372
83 2151
33 1448
62 2911
23 2757
56 29
18 2837
72 3669
63 3105
30 839
59 468
94 1875
31 1368
11 2478
48 3920
8 1930
15 1318
28 2720
29 3202
94 1796
14 4021
76 4031
37 3504
59 3064
68 836
66 774
15 787
36 425
50 2698
46 454
85 3837
3 3716
47 2366
99 3823
71 3872
78 3332
93 3346
70 2461
5 2773
80 1168
20 1233
49 815
8 492
83 77
33 45
54 1614
85 2912
21 843
38 3571
10 2652
62 2091
48 3046
44 1057
87 4092
97 2838
19 3341
15 3103
55 1994
6 1297
30 2687
17 2600
60 1126
91 1436
84 2596
50 2537
92 159
84 3039
69 1871
55 519
75 3828
72 3029
72 3330
16 3130
59 1533
14 3297
63 1671
24 326
84 3214
5 667
98 2670
64 2865
17 3735
27 1937
73 1805
91 3375
36 1714
44 511
52 247
36 2174
31 3970
2 1902
32 3173
67 243
95 3988
85 4004
77 16
80 1293
98 482
81 1163
42 1587
21 3822
37 2748
88 152
74 3876
1 677
25 3699
98 1196
31 708
74 969
87 2346
68 3160
62 3647
60 2015
56 3585
81 2318
15 3618
31 279
69 2278
42 1167
45 2755
99 1709
49 324
28 1035
63 245
56 1630
63 2879
65 856
22 1048
34 2461
16 1951
30 1611
20 2724
33 3740
30 2319
82 2962
69 2652
47 3333
79 3478
99 4006
79 2274
91 2217
29 2231
16 3486
30 1845
30 3814
67 2532
76 1170
71 3216
26 2064
86 1623
26 2414
39 1504
74 3153
97 1921
10 511
78 504
19 1154
6 1702
7 1916
87 2393
81 3245
100 2960
39 1986
19 1132
22 3517
22 883
10 2932
22 3484
81 3270
60 954
97 1405
90 2411
95 95
1 3101
82 3563
41 3642
39 2224
21 3029
62 488
92 67
44 2818
33 1741
77 3334
40 3641
75 2435
47 2191
88 1956
38 2302
34 522
34 4060
28 2703
29 2698
18 2014
47 943
41 1694
65 2408
55 1957
92 2068
54 1180
40 3701
82 2110
55 3357
25 2300
54 2019
33 2868
78 2808
66 1490
78 2303
59 3040
66 1907
65 158
38 1052
31 270
3 3308
13 634
68 966
80 611
19 2712
66 1788
66 1635
11 2615
10 2032
53 1755
11 3511
14 3484
66 1335
57 1539
50 1659
84 1408
75 3256
45 3782
46 688
64 352
32 3206
35 4033
80 2698
44 1089
21 2560
32 871
62 3541
10 3295
27 3899
82 3164
5 2545
79 2331
65 2516
25 1830
51 2312
73 2506
69 223
83 2164
52 898
93 3553
25 2000
59 1334
72 585
65 2223
87 1270
26 1847
62 1765
74 1422
80 2098
87 3386
37 1335
64 1734
66 142
9 381
23 3053
45 399
76 164
36 2400
72 2264
46 1134
49 1815
52 3251
27 3061
40 3762
74 3827
40 1375
37 751
20 2622
100 2908
23 1930
81 2839
72 2820
22 4059
3 3749
63 1648
2 1663
23 3766
25 2945
82 1393
11 3792
95 1566
70 2187
4 81
37 3207
68 3715
28 756
77 3367
56 1363
61 602
43 1459
62 1801
86 1616
54 3938
36 103
30 3074
42 2356
99 867
7 2858
51 1159
8 3935
53 3007
70 3233
89 73
31 1510
87 1514
24 2924
74 1993
83 687
75 906
61 3068
68 587
28 426
17 1774
72 2400
28 1155
90 3708
18 2831
12 2342
88 3343
7 3578
68 2723
73 4073
43 2847
67 2453
28 1451
21 3635
33 2752
13 3490
85 3248
21 3360
14 4030
43 371
72 1718
89 1571
48 2467
84 1723
29 3456
7 1712
66 2361
40 1862
4 1492
40 1752
63 1364
89 575
39 2937
10 821
70 2808
35 1538
10 3903
4 1393
22 64
24 3366
47 718
25 1629
55 1049
6 2794
80 793
97 2687
49 1594
89 2671
46 3099
91 3304
54 586
61 2239
4 3852
72 2665
3 2651
79 3338
24 2915
14 2350
71 263
87 2407
15 1496
45 3211
21 161
2 3522
35 1180
85 973
21 3473
3 2157
13 2746
1 3047
68 2659
16 572
34 3157
73 1344
99 3968
6 378
95 650
28 359
35 1277
32 4069
25 2513
57 125
13 60
21 1021
85 3006
92 9
52 2259
48 3045
40 3500
41 642
31 4042
55 641
48 511
43 1406
67 783
50 147
43 2323
40 1087
70 2552
84 1090
33 2079
10 3029
37 1677
21 1560
29 2269
18 355
11 3220
88 2810
10 1994
39 1421
56 1496
71 1974
50 1838
5 2103
70 1072
77 1754
66 194
90 3390
43 2663
30 2951
23 3055
33 3049
74 204
42 1812
2 1880
12 877
72 702
7 3097
44 1815
44 2833
50 200
18 1939
57 1176
68 2263
70 2085
73 576
95 326
29 3221
29 1290
4 2726
2 71
39 2449
100 2357
49 3311
7 2552
59 2960
63 2537
22 3144
88 2033
22 3453
38 2427
100 1064
52 3556
52 3280
50 1123
14 3919
25 1416
27 1965
48 3719
71 3846
19 3226
61 829
10 3510
4 1281
22 1186
5 1467
72 568
95 2267
84 2718
6 777
5 3359
87 937
22 2869
57 353
39 4080
26 569
61 2810
94 778
71 1273
70 3669
74 2694
55 1973
29 3569
71 3288
47 1593
48 1935
47 566
83 1533
50 1676
41 1829
19 1987
49 771
4 3794
4 2923
91 3605
19 3428
98 3533
13 1366
22 1447
42 1100
11 525
22 3894
75 1808
30 428
95 3214
16 1045
40 557
47 1804
58 3362
18 1224
74 3124
16 975
60 1860
49 1469
10 2898
4 2249
30 1505
82 416
81 3375
32 2699
36 3099
92 3596
63 1462
19 3909
40 1932
20 3597
27 1591
84 3518
14 2816
71 2660
73 3458
48 942
51 2857
10 83
95 2201
9 530
39 2428
57 762
90 1331
26 521
66 1609
41 124
84 496
30 2553
59 436
72 831
77 1927
37 663
51 3130
61 2821
90 3526
27 2436
21 3379
33 1650
62 3770
38 3875
55 2191
19 386
58 3544
34 1901
51 4054
51 3775
28 407
6 2571
36 1086
75 673
87 549
57 2372
36 2209
69 445
99 2095
75 3165
89 125
42 2874
44 2391
14 3550
36 3409
21 136
3 3570
42 3255
43 4000
15 1074
21 2939
41 284
12 3369
56 2934
67 950
66 1555
27 1455
5 646
37 1010
16 2097
86 3328
36 41
13 841
31 3359
48 3125
88 1196
20 3780
75 3019
89 2206
44 323
12 3857
14 134
71 2210
59 963
39 878
31 3541
61 1194
17 2909
46 2779
32 2778
43 2507
13 3774
99 1356
44 1147
69 455
93 2620
99 3346
69 1429
75 3532
76 582
53 1354
90 422
76 3606
38 485
4 1405
18 4094
40 3139
8 2006
70 2371
76 3958
90 524
70 3040
26 1138
9 1232
69 2764
65 886
93 1838
39 2568
11 540
41 3634
49 2218
12 1760
88 3307
29 1657
73 2820
47 310
23 4000
54 3116
57 3722
52 1614
97 2064
51 2409
74 3805
9 1152
68 3933
50 2192
6 225
55 3314
83 3619
54 1015
38 2392
69 1589
19 578
12 3336
83 859
5 2591
31 3351
71 2728
95 1783
39 3306
79 472
82 3673
52 1256
34 130
71 3763
41 3120
91 2469
72 257
30 1220
36 3248
50 348
94 904
46 2644
87 2660
47 3414
58 1949
69 3271
13 485
26 318
6 1208
85 1758
56 2043
6 843
87 3175
66 1795
50 44
66 4067
99 1744
11 482
7 2945
15 2176
33 3683
2 2322
55 1780
43 685
75 2623
10 3218
57 2572
61 2868
2 2026
70 3976
93 2707
46 3016
98 2464
81 661
64 3295
20 2109
29 90
94 2952
1 2972
96 759
19 1981
9 2067
72 3941
70 2106
46 1403
77 3939
26 1834
34 367
30 2258
79 1513
60 3863
41 240
72 3954
23 1724
74 2730
50 232
75 2362
70 1070
78 3136
71 4076
82 1063
66 455
21 2679
82 3098
16 1848
94 2295
62 39
66 1469
20 1629
60 2725
58 1578
40 876
19 1158
30 2049
53 1024
24 638
51 1849
93 887
43 1914
76 1270
89 401
88 1279
55 2001
87 335
45 1843
23 3891
8 1919
38 3262
72 2615
74 3272
71 3241
9 1629
41 905
47 1423
78 2402
92 2483
42 2159
69 3241
36 2411
75 3692
1 2537
34 3576
11 60
86 3434
90 3955
9 2216
60 2422
84 4092
22 2262
35 2048
3 14
18 3369
9 98
45 2236
92 1991
23 2665
67 1221
52 790
80 789
11 3953
100 2736
29 3747
89 1820
62 290
46 1064
61 552
26 2770
44 3250
15 2336
77 1279
58 3219
51 661
59 1990
6 1622
43 1576
7 3426
39 3551
4 1275
50 2721
41 1259
13 3901
95 766
83 1634
71 1345
30 1307
55 103
1 2469
15 772
11 2212
49 3141
40 3871
46 4002
93 1449
9 503
65 2745
89 3857
5 3571
66 1027
25 444
36 982
86 898
92 2179
99 1847
98 3729
30 1246
65 3749
1 1146
51 249
62 739
39 2666
11 2512
55 1935
14 2952
54 3094
8 1237
43 1049
34 1063
31 1404
93 2080
44 2870
74 3808
43 250
69 2081
70 3450
3 1249
8 2205
88 350
31 1649
33 3004
91 2600
76 625
37 2278
19 2779
93 499
47 621
33 4088
48 1795
97 1189
71 738
98 2597
78 2561
89 1649
70 747
70 2115
7 3944
46 3894
96 170
95 2159
49 1660
77 3711
28 1929
66 2611
87 3942
43 3501
83 245
81 2569
49 2705
81 1619
92 3418
25 3106
13 254
83 3737
4 882
75 3372
17 359
50 724
12 2591
22 1914
80 3037
7 3018
9 3319
78 1989
8 1611
79 1283
60 3243
100 101
77 3194
37 3920
59 1539
83 2519
65 2084
22 88
98 2480
78 3013
60 3320
94 604
22 3424
28 373
82 2103
83 1869
13 1946
17 649
64 1709
68 1022
67 3666
53 1048
33 2686
59 2230
69 3136
62 2488
23 3080
99 805
79 1587
77 3344
85 2832
52 841
93 3085
86 1724
25 1961
82 3944
7 2190
75 3183
59 2029
25 1848
73 2462
11 3427
45 3330
91 3851
88 1312
34 412
31 118
20 727
10 2741
83 3898
62 1100
29 2136
49 543
10 4067
92 2538
38 3640
72 2057
62 2348
58 3105
91 2109
76 1104
20 366
65 3771
32 326
48 3542
12 3021
29 3872
80 3833
99 2281
36 2890
75 1525
5 1626
73 1306
13 774
22 1979
78 633
31 1305
54 207
40 2090
21 3395
51 660
99 2080
23 3378
8 753
18 1523
62 2284
68 1978
41 2532
36 3786
74 3597
8 2091
54 654
52 1131
85 279
44 1393
29 659
88 1895
26 2486
56 457
83 2737
28 2784
69 931
14 737
38 3949
14 2671
5 2094
14 3582
63 4061
69 3607
7 3836
55 3915
10 2954
61 3135
4 2888
20 486
92 1475
33 2452
97 3934
69 1770
46 3614
97 3139
55 1010
64 262
26 3240
68 1216
48 675
18 3377
64 2746
44 875
97 1911
8 3064
65 533
48 1693
90 512
94 60
49 3806
90 1640
3 1725
25 1692
37 1672
63 3848
66 3940
44 1878
61 1447
52 29
53 16
97 2645
52 416
29 917
63 3703
80 955
16 77
18 35
26 398
50 2670
38 537
49 319
96 1452
36 2969
31 852
65 2159
47 1993
4 1414
56 948
42 3334
58 3306
33 3966
94 2786
96 1087
96 1629
84 1157
61 2080
39 2545
28 3671
65 2334
14 317
96 1292
94 1103
13 621
35 938
71 2604
79 51
69 3529
4 2376
95 1923
61 179
83 2073
66 458
81 1693
100 1937
6 457
78 326
76 467
52 356
71 3478
45 945
30 1440
95 362
100 3831
14 1390
97 2646
28 640
98 3826
57 1143
90 1128
27 1352
20 1236
97 3331
74 3104
86 2789
38 882
89 375
5 632
16 3192
82 3473
2 2022
6 2053
13 2644
26 3757
86 3204
76 2768
11 2371
68 2135
93 1609
10 1194
89 3627
60 4034
65 300
61 641
72 934
13 3977
23 2039
5 1520
26 3715
56 275
46 1968
74 3280
78 2949
18 1847
86 2459
52 762
26 1019
55 1894
31 1267
26 714
60 2551
78 1059
9 2526
70 1078
12 3757
48 869
60 297
68 1870
66 1369
12 3707
64 2659
76 1721
78 1071
82 900
49 2052
61 441
98 2206
43 998
71 4076
43 2779
40 3426
95 1268
62 3699
89 2871
99 2756
29 702
18 2853
54 899
39 1940
54 2163
47 3410
47 400
55 5
1 2154
4 3471
60 3720
36 386
47 2425
68 4027
28 959
38 3680
32 4003
64 4082
2 2262
25 2603
41 1819
25 2931
14 3435
80 3614
56 2919
12 2327
30 1691
21 3432
47 2700
62 1218
6 1951
82 1222
58 3237
75 2663
99 3131
17 1731
69 3085
29 3070
72 3500
51 3915
43 1478
46 768
60 762
100 3186
5 3465
84 3023
64 1109
52 3177
61 1354
31 1651
76 2911
1 1240
40 3946
81 227
41 2799
41 1575
44 2190
59 3347
3 2446
12 2316
70 2743
22 3133
11 1389
5 4
50 3955
86 3129
34 939
24 573
20 484
39 40
86 843
47 3461
69 3957
35 1887
66 1050
82 23
45 1347
72 3547
27 1272
30 1380
15 1108
56 3900
6 683
24 2833
82 1174
88 351
92 390
47 952
42 2425
83 2555
31 2944
46 3171
19 1637
81 2929
96 2075
25 4038
30 624
9 1131
11 120
11 2472
45 2738
11 3309
84 2537
48 3377
42 3002
36 244
46 317
46 2044
1 1938
60 764
92 1088
58 3097
16 450
7 3018
50 4093
69 1862
67 119
82 1766
40 1238
78 3521
11 2881
52 1992
97 3081
71 1053
78 815
97 838
66 2522
42 3613
71 4065
10 3540
17 3927
66 2699
61 2379
36 2604
28 1414
32 3759
30 1695
46 3395
35 1593
79 1601
51 2167
34 212
80 2275
1 3563
75 2262
22 2208
92 215
26 2041
86 1178
56 2113
27 2576
3 2788
74 3429
86 853
69 2437
25 3331
91 794
86 1099
32 3270
73 1215
52 3570
50 3527
85 135
99 2282
36 2019
34 3902
46 2073
22 671
89 583
83 2329
75 3975
27 3526
64 1008
88 3740
54 1092
54 1617
9 183
51 253
29 2518
66 1629
8 2832
78 937
40 4027
75 2212
58 3130
88 3532
16 2006
49 3680
81 3488
27 3194
99 84
90 1048
86 1761
4 582
42 3834
78 621
73 3644
53 3376
6 3163
43 4087
88 1934
47 1108
99 2387
35 2855
83 4013
65 2261
44 2666
92 265
94 512
94 511
69 3056
35 2817
31 2687
56 2080
70 3586
3 3949
31 1497
64 1265
47 1650
59 1565
62 1975
14 1565
29 3037
85 874
56 2675
61 3796
54 2515
16 140
38 515
75 2859
20 193
67 1426
29 3671
82 1476
80 2713
56 2790
67 2769
46 1135
78 2087
21 1161
65 3393
9 2298
31 3376
57 2916
95 559
26 3894
60 293
16 2440
23 3913
63 1090
41 2859
43 3120
39 41
54 3240
75 2166
53 2791
10 1165
60 3273
36 3428
8 238
46 3770
96 641
26 1259
93 3928
11 2899
1 3604
25 704
63 3192
36 2784
35 2870
94 2639
52 2315
99 2555
43 151
26 3583
16 1775
88 423
28 3221
73 1400
12 2756
78 3972
39 1863
59 793
70 1322
68 3292
59 333
43 1658
68 1541
20 42
27 2001
16 2079
20 2783
5 2095
15 86
22 862
65 3695
94 1007
5 1316
55 2418
50 1278
82 2732
39 3448
18 162
68 409
19 2583
86 3827
89 2089
37 3065
55 324
22 3580
33 1894
26 1922
40 543
78 602
8 1779
20 477
86 3490
16 707
67 720
44 3853
30 3525
71 3866
37 2000
62 1603
63 1888
18 3507
21 167
21 2585
77 474
6 3669
28 969
77 2665
86 3973
20 4012
28 391
89 3897
95 3255
26 1335
70 2403
25 3480
22 4022
31 3975
40 127
55 801
52 1552
5 2851
89 421
47 2882
77 694
30 892
32 2470
64 902
32 261
60 2786
28 1076
37 2857
29 963
91 1093
69 1101
37 1688
57 2265
2 1077
77 1861
74 2982
18 2659
61 3638
76 469
27 2660
17 2679
61 3392
74 3517
45 659
16 791
23 1472
84 3643
56 448
3 3601
40 399
9 1385
36 3919
20 3157
28 979
25 3902
54 257
44 890
37 2142
63 1705
72 694
71 454
13 290
4 1228
97 1810
29 2260
36 2097
1 1492
15 3592
20 1282
14 80
48 16
36 3571
85 3984
60 1215
8 319
76 4087
24 4073
84 771
60 1017
84 1936
16 692
29 2824
43 1855
87 2734
37 2793
57 128
72 3148
78 3712
68 1218
55 531
72 2738
5 2308
22 801
26 3918
21 1562
73 996
81 1693
56 339
96 2042
84 2588
94 1788
19 3545
83 2316
73 3874
37 3991
29 973
8 829
56 1250
73 2261
15 3445
42 2827
81 1978
40 68
96 3971
29 1291
18 2847
22 1080
39 3917
83 1359
58 2832
89 4002
80 3885
71 2987
78 2363
19 2108
88 877
30 2056
34 1261
55 1074
55 135
12 3596
57 1346
7 1180
90 3974
58 763
13 3791
85 2416
95 1403
82 520
49 2456
15 1380
64 3464
55 2090
17 1461
79 1763
44 1430
43 480
75 1841
47 3940
94 101
63 330
3 1275
1 3373
5 4050
20 2345
86 2422
41 1645
33 3063
98 2417
56 2800
20 2023
18 1346
50 2908
14 65
8 808
5 3358
65 4055
20 3882
7 3212
51 3126
28 2148
63 1088
85 3239
67 3430
96 482
10 1643
72 2267
80 909
22 2077
21 3829
4 1137
2 4021
83 3625
38 329
96 3544
18 104
76 808
47 1292
79 1245
93 1510
38 2758
92 133
32 2043
34 2006
67 2014
34 2907
31 732
95 149
60 2540
58 3000
23 3931
83 3582
7 197
61 593
46 1402
10 3167
11 1157
44 991
75 245
48 3221
34 637
15 1312
20 765
81 1628
44 1938
87 1195
64 3633
68 2414
1 1457
58 1174
38 1011
29 2920
19 3544
90 1269
52 2809
38 1949
74 2424
1 717
13 625
24 2396
22 2874
26 237
82 174
7 2143
26 1560
80 391
83 3560
10 641
83 3124
98 2698
92 2303
71 1185
38 3811
10 3818
3 149
10 2900
47 1611
8 1336
32 1690
14 3413
30 2698
71 1724
5 3017
16 1072
84 177
25 3879
99 223
92 3109
65 2869
90 275
85 851
94 1943
38 2214
11 149
19 2660
78 3056
21 3268
63 3422
80 3047
17 135
43 69
90 1606
36 885
30 228
33 3447
23 2673
70 3676
100 2663
69 3798
27 1600
37 2276
87 3622
4 1242
35 3635
80 3343
50 3414
43 3687
15 3702
23 1540
82 131
63 336
23 1092
71 3322
90 1708
35 2468
27 1288
72 3865
33 2095
66 3759
9 1201
21 1306
67 2319
100 1441
45 1370
77 1758
76 3871
33 207
22 2007
72 523
42 2455
78 2924
82 3637
37 458
75 3702
84 3268
47 3124
93 1325
70 1373
97 3270
66 1649
91 146
63 3023
92 2288
78 3879
98 551
73 1704
43 1882
76 2071
19 2879
80 2458
86 2482
9 2526
42 2831
74 2475
44 2544
63 2935
33 1450
61 3040
13 2794
42 2451
13 963
90 2723
20 1301
85 1087
67 2372
44 2132
94 933
86 467
35 363
77 1670
50 2968
16 1498
69 2369
61 4057
70 3263
47 314
69 2468
88 2972
53 3732
30 3851
88 3506
27 2765
82 2448
19 8
22 2076
97 1620
39 2185
9 1267
93 3558
43 1522
24 3638
44 2852
77 775
31 1681
55 1689
4 2418
38 3322
26 1439
93 220
86 386
95 3122
89 3241
46 1026
43 1666
19 1638
52 3210
79 927
85 3187
77 3691
88 2111
27 2207
76 2380
72 1517
34 3104
1 1167
29 4031
1 1398
80 1402
15 3586
84 2909
63 2159
26 2305
81 3986
96 689
76 2167
44 767
25 3231
18 1708
24 2868
59 2388
22 107
22 130
56 1401
68 3926
27 503
6 2017
89 663
82 1649
40 1621
81 36
11 1040
70 4063
47 3947
30 826
42 2388
97 2656
78 1438
85 3998
71 220
7 3729
58 2469
89 3382
95 1874
70 3683
98 3271
2 3184
78 423
94 388
61 727
97 2991
66 329
18 1512
15 238
29 509
58 1143
85 1179
99 1789
65 2646
95 1398
80 3060
36 1853
52 786
7 1201
89 2547
24 2386
73 945
82 2990
84 384
44 3868
32 3685
51 1032
71 429
93 1231
94 2387
21 1209
82 3200
9 3497
73 1239
82 1062
34 2529
51 1130
45 2064
100 1833
80 3251
44 3339
47 2518
31 3605
95 3095
4 1924
13 3368
65 2734
35 2097
79 2360
40 2736
73 3025
68 2771
82 544
58 81
44 3185
75 3980
4 2073
33 2702
42 1251
60 2321
19 3084
24 2211
65 4062
59 3855
65 3546
6 1649
22 3661
63 2532
89 1061
88 2484
61 1847
71 2576
87 672
49 1404
86 2880
28 1000
31 1219
90 3588
9 3421
42 3509
98 1744
14 1248
72 1384
79 1416
100 2294
44 2593
80 2170
28 3963
73 2253
98 667
88 898
14 2903
76 780
18 3300
4 1643
61 2973
58 3774
24 598
1 3902
41 3505
20 1816
65 2143
50 3072
65 2730
72 3279
32 2264
40 966
82 2195
1 3463
3 1848
9 15
8 299
88 848
48 752
85 2908
92 2752
72 2160
3 517
4 2807
46 2363
85 2546
38 2068
23 1599
91 1159
69 1565
78 1974
7 3729
96 1270
68 3167
85 1133
82 2181
60 2605
36 586
29 1379
33 2271
66 1285
4 175
93 134
74 3519
52 2738
79 201
23 2565
65 2886
82 313
64 1758
89 3934
94 1232
2 86
62 1467
20 1114
57 1109
14 360
40 1654
89 3057
92 1784
58 2062
20 2313
58 1816
2 267
20 3058
57 3572
63 1866
60 1240
31 2525
98 3415
18 2346
87 1939
65 1710
41 3197
42 572
44 2368
54 2867
84 3163
51 1685
2 2714
54 1358
34 3540
59 2897
84 1078
65 3389
92 866
87 822
68 247
8 2300
8 3201
40 231
100 1409
66 2055
7 3684
72 3904
89 289
69 394
93 292
66 416
69 518
60 1764
67 1346
41 91
1 1020
42 940
97 1165
10 1596
77 171
35 3048
94 3294
95 2059
82 4020
56 3314
43 1646
53 1583
55 3437
74 3546
10 1834
56 2278
14 1929
69 2978
30 291
9 1570
5 31
93 219
100 3376
33 2810
3 632
7 3513
61 1660
11 344
76 248
89 1685
1 3428
99 838
44 3083
75 257
97 196
83 3834
30 2347
100 3550
14 2232
63 828
23 193
16 1044
84 1242
3 2851
13 1179
48 3570
38 306
79 1769
64 30
6 2665
41 3852
62 450
66 2357
51 3728
96 2165
99 3354
86 703
5 113
44 1687
80 3433
1 3403
22 3374
24 3216
71 2999
5 3072
47 3469
67 3968
19 832
24 3821
15 2719
86 922
41 151
84 2277
91 3567
56 3226
83 2732
48 1712
46 2143
56 3056
58 4076
95 2612
9 761
68 3271
96 615
47 2055
62 788
80 1214
54 503
98 1201
89 3357
66 2876
61 2862
79 4002
36 1322
73 1953
46 895
1 654
79 2952
80 3246
10 2822
40 2803
10 83
24 451
81 3410
59 558
78 1981
97 566
90 3923
95 1653
9 3431
22 2450
85 4074
7 1883
93 2930
41 2398
63 2236
25 1168
51 1024
87 2903
73 3269
4 3007
21 2796
40 1898
27 4043
39 3771
53 3060
88 3606
37 1130
52 1869
83 2424
82 1617
76 1274
21 2882
6 307
8 2634
51 1052
80 632
15 1020
85 2373
6 1983
75 246
38 74
47 3982
11 1147
2 1165
94 1924
42 37
41 1470
46 1398
68 510
24 1254
69 1479
93 1311
26 318
76 3463
56 1634
93 3246
16 3463
19 2910
41 789
71 4083
56 2760
7 1812
73 2941
94 1908
58 3145
61 914
23 950
60 3025
87 1811
31 3566
37 2003
87 1056
14 1750
29 1882
78 3943
92 1153
14 1891
32 2738
3 2077
29 88
93 3710
85 1652
47 3224
16 1829
31 2970
74 287
73 4013
18 2246
18 1210
43 107
49 1899
79 3662
85 126
100 427
87 2852
46 3327
69 1514
98 3027
77 1461
47 1579
15 2057
73 1211
85 3206
24 3638
40 3486
96 1376
52 906
53 980
87 3244
22 3233
84 1919
56 368
100 3345
19 4073
22 57
35 1044
89 3420
74 4085
1 1613
26 2848
14 3273
31 2290
98 1068
1 1113
91 579
9 2214
45 2712
78 1833
21 1880
73 2670
64 3363
29 4049
66 1870
29 1119
98 3567
58 387
27 4093
28 2825
28 1849
61 1278
7 89
92 827
89 1977
47 665
16 371
2 1695
30 2950
35 2323
83 1588
13 108
18 3311
94 3800
63 3170
72 274
54 2368
59 3348
57 946
14 1161
70 2737
5 2681
83 1062
16 2744
39 1926
59 637
65 315
56 474
93 1237
30 2835
74 2705
48 1231
37 563
90 3433
56 560
89 334
16 2321
14 2306
2 3293
62 3296
83 1924
12 539
42 579
33 1767
19 1190
93 2125
14 3613
23 774
99 3837
46 1586
20 606
83 3595
78 837
84 2211
29 2757
70 1155
16 1245
10 2822
51 2706
96 3638
55 996
14 3692
80 924
22 590
100 479
36 963
5 4094
5 4010
66 2265
13 867
37 3534
57 1509
15 3714
14 2505
59 725
86 2121
48 3711
33 2232
35 2086
9 1202
76 900
5 3648
66 2625
14 1731
1 1590
29 1718
59 522
94 1709
3 3459
42 2462
67 2163
78 1806
78 2202
45 2316
67 2762
49 2755
1 1585
74 462
66 1771
1 906
16 693
7 291
18 1752
51 1353
6 2116
86 1200
71 203
90 1960
25 2946
63 2595
91 3695
37 1176
20 3559
61 1297
1 3829
54 497
94 729
91 1639
12 2785
83 3594
85 2708
93 987
83 3702
6 1219
68 3124
1 66
34 970
53 3905
52 2878
41 1664
78 3307
68 3035
59 2946
34 2418
3 3568
43 2439
88 2612
45 994
69 2274
80 672
73 1928
98 4022
21 1978
11 3328
67 839
24 3369
1 3055
67 4083
1 2884
33 3539
72 223
41 439
62 1209
32 955
38 3643
70 686
42 2363
67 275
21 345
34 1003
84 401
83 1232
52 2582
95 1264
5 3623
58 3724
53 2586
86 2583
86 1497
97 3179
27 1066
84 2517
37 378
35 3673
31 2296
47 1906
29 854
97 2056
35 259
83 707
69 4024
15 3630
89 400
40 2210
69 1556
48 2939
5 1059
67 1953
32 53
1 2158
21 2108
75 949
81 3104
80 2299
66 2226
5 3147
5 3339
60 569
23 699
18 1539
86 4069
85 778
95 1740
35 2466
4 163
40 44
86 494
76 1134
89 3995
84 2863
20 2341
93 180
59 496
68 1225
2 3525
23 3447
1 3144
80 431
63 2858
25 2578
53 3424
94 1194
81 3613
8 3418
28 1663
28 1539
31 4096
23 1490
75 2466
74 1688
27 1381
66 1295
56 1165
26 1214
63 526
87 2947
65 2316
56 3769
1 2371
18 1248
6 1177
26 3940
16 408
29 1670
94 4047
17 672
51 298
50 1758
31 3691
27 1389
24 2665
11 4068
93 282
37 2717
81 2734
24 2590
99 2653
25 990
1 3766
56 1838
8 1920
17 950
6 378
67 3680
41 1581
84 92
5 1210
56 1033
63 3804
93 47
45 3616
32 2255
17 973
61 1137
62 1808
14 261
87 1386
30 1848
47 3916
31 1735
40 2402
55 1548
59 1890
45 1006
5 2233
68 4037
57 3688
96 3925
8 1344
93 1205
71 3938
93 2781
39 2674
53 2989
21 1963
76 3892
1 2454
7 3879
43 3923
32 1843
44 1840
99 3812
51 3978
24 1994
1 508
30 279
77 566
32 1575
47 3592
51 1635
70 1094
78 1726
55 2772
81 3793
91 2296
47 562
63 3322
85 1469
91 3916
22 332
27 2563
66 675
76 3669
69 2270
84 2715
40 526
45 1237
75 3259
5 3759
100 2511
19 398
80 1997
43 3348
46 2826
23 2831
81 3493
22 3766
55 329
95 2319
71 2406
41 2406
83 649
31 1086
36 3555
64 2767
81 2706
84 944
15 2787
75 4072
16 3361
30 576
49 7
41 2827
4 3583
25 2934
17 1985
35 727
2 789
60 2445
51 2560
75 2215
9 182
94 1775
36 3352
34 387
16 460
98 1276
70 1207
66 801
77 1054
98 2585
59 881
48 1576
1 1027
48 1916
34 1038
86 659
31 3192
17 91
47 87
69 967
70 1439
78 1011
57 2248
64 3337
37 1449
30 2243
45 1041
6 3998
87 3741
49 1557
26 1850
15 1901
13 551
75 3392
85 2467
26 1182
61 2503
45 2453
50 4004
54 3955
20 3519
33 3685
11 1823
14 2529
95 1306
21 2149
47 2203
29 4
70 1943
75 3390
97 3656
60 122
54 2668
30 2716
15 171
42 3930
17 578
2 55
68 3007
28 3867
28 2572
35 3371
35 1871
90 3432
17 2672
9 29
15 3200
26 196
23 2724
23 249
38 1388
23 2487
94 3600
85 269
91 1028
75 2726
64 1957
48 182
75 1277
53 3543
100 2241
8 2082
81 3721
34 3115
40 1092
44 1146
24 3446
36 349
93 2076
29 1363
88 656
5 2607
64 1992
48 2343
89 2304
81 3120
12 1264
6 1792
25 3383
99 3236
98 78
45 2857
11 3916
89 2375
56 3822
38 903
73 3730
93 2992
45 2200
78 797
43 3027
77 854
50 926
50 1082
72 3456
42 589
93 506
42 2959
70 2554
9 2221
99 878
19 2659
39 2535
59 2136
54 2792
68 1044
46 2752
53 1916
77 446
73 3888
5 3218
21 3337
4 3826
3 4049
95 3436
1 466
57 1199
16 728
85 582
31 274
14 1698
37 999
46 3213
58 4030
95 1815
74 3463
48 106
48 563
11 806
27 2117
13 2687
50 362
49 1610
69 3521
43 3951
22 1468
52 1014
67 1905
99 1284
71 3789
58 1564
95 4034
93 1762
8 1503
44 1015
7 2712
13 2105
29 3490
74 65
46 1808
99 2612
24 1471
77 1646
99 3755
69 1117
71 1931
68 2506
84 252
59 2367
14 2738
77 1277
62 2986
81 330
3 2998
91 1196
21 313
67 3984
91 3336
89 1062
70 366
62 2345
36 762
58 67
41 924
13 2767
22 1718
27 919
83 3327
76 2985
12 1642
36 2936
7 3891
80 3737
98 260
90 2027
77 2880
59 2920
85 1028
34 557
88 1323
31 1517
88 3269
95 3646
67 3682
58 630
88 2617
14 3182
99 2293
94 1444
64 3524
15 3177
39 3745
56 1851
45 890
99 2628
88 1634
92 1155
90 2482
48 3305
55 3237
38 3294
1 3403
39 72
47 1105
99 55
20 889
55 2838
90 1134
32 1214
51 2998
17 138
11 3888
64 1341
45 1995
61 243
19 386
45 2892
1 1819
23 1291
19 381
57 3454
38 479
47 1807
73 2786
64 3635
60 2764
61 2222
91 968
74 731
87 14
37 1
84 413
28 92
68 1758
30 1058
75 2727
76 3408
1 2610
90 721
52 41
48 2987
84 4032
84 1262
35 578
12 3865
47 2964
30 990
33 2661
17 1512
63 2463
89 2461
37 2984
48 201
38 2889
14 2797
41 1181
3 1636
72 2798
1 2018
99 792
83 3966
63 1556
79 3035
72 1940
98 442
94 3019
22 1398
2 577
22 3403
9 2519
31 2297
99 3789
76 718
75 2732
32 1769
43 426
70 3182
77 2497
52 2100
96 2570
34 645
36 1347
74 3397
28 3639
80 1292
82 710
89 1664
95 3424
54 2893
44 1021
45 1486
50 2203
43 3426
67 2691
25 942
96 3970
6 2655
17 3627
71 3144
25 562
31 1134
12 3927
90 1674
35 1083
78 1218
31 1034
67 3548
88 3274
57 3838
8 209
19 3031
43 2268
37 1303
54 3543
54 871
61 688
36 1280
55 705
81 3773
23 3422
70 3889
31 3596
84 3595
49 2120
28 544
25 4019
62 2411
22 1066
77 3988
9 4062
6 521
65 2765
92 1171
70 656
11 1160
33 1740
97 339
20 196
85 4012
24 3173
28 548
63 4033
66 1188
39 2574
63 1515
75 1840
67 3191
61 3834
14 3978
81 1112
25 373
56 1993
27 4091
5 548
46 408
28 369
27 2718
14 3912
25 1308
89 888
50 831
7 760
5 3235
73 190
52 889
94 61
69 57
49 1971
27 145
10 4056
80 2141
49 1506
78 634
53 571
65 3709
94 666
7 88
81 368
71 1921
81 2342
9 1858
50 4069
26 359
23 1964
51 365
28 1055
21 2252
40 3267
41 3881
57 729
37 1198
22 3936
1 2818
7 511
58 763
97 3450
65 1158
46 438
96 1268
94 2019
52 229
29 41
100 1536
27 1268
64 3047
48 717
32 3389
96 1432
22 762
59 2751
40 699
48 48
4 1429
46 3372
12 2887
46 232
15 270
92 1498
45 3578
57 3125
100 664
13 2675
24 300
66 2065
61 1952
27 2584
82 2822
56 410
66 3117
85 2849
95 978
44 925
7 3351
74 3051
4 1090
63 1263
85 1823
85 1708
34 3947
56 3182
30 394
46 356
55 205
49 3368
5 449
100 1131
66 1104
7 2672
30 380
26 3190
13 3705
88 3221
67 197
8 3553
27 507
46 1848
44 211
19 18
43 2967
21 3735
3 1408
45 744
15 2823
43 2869
34 945
30 574
13 2317
94 1983
41 529
31 2559
63 4077
27 1934
19 2513
7 606
16 1239
8 702
47 1013
90 1061
7 764
57 2941
4 1794
38 2260
55 3212
47 2527
84 1585
66 679
5 1300
8 1756
40 467
85 1099
93 2604
77 255
48 3246
4 3355
49 1148
99 1621
50 1616
20 2956
71 4026
50 375
47 2375
5 3079
10 3664
26 3390
30 3098
56 1739
6 2192
65 1125
49 3308
11 1254
32 2581
54 3301
97 2657
36 831
43 3545
73 5
4 2257
91 1401
93 3821
14 1858
78 1086
96 331
5 1493
40 522
32 1838
55 1063
63 552
95 423
84 2426
77 1698
19 2458
14 3698
78 689
34 2442
73 1696
96 3234
21 3799
37 1961
3 924
30 1899
29 160
1 3083
43 3228
1 3919
29 662
52 3431
79 3222
20 3736
74 4034
30 226
5 2285
99 317
15 2927
49 3182
14 663
56 2515
14 3944
37 1533
55 910
35 536
67 2874
82 593
7 2902
100 1812
59 2313
29 375
5 1400
39 2488
66 2967
41 4080
69 2556
26 355
55 3998
91 1382
51 3241
45 2381
66 1786
61 4017
79 3205
56 3429
93 3769
51 1922
16 397
69 1301
28 1885
12 2896
60 3781
30 2746
51 1040
27 397
48 1947
18 2202
49 1654
38 227
42 3853
68 2183
29 3362
84 500
59 320
29 3026
16 3084
33 2547
81 979
40 2355
86 1227
83 2202
89 1432
51 2809
82 2428
20 3847
84 2595
61 1613
56 1940
12 1522
51 3912
3 366
32 2276
40 1572
2 12
46 1175
50 2580
24 314
32 3682
79 3001
65 2062
39 101
84 588
17 2419
47 3824
57 690
68 295
63 2443
46 3967
14 1727
38 3843
38 1119
38 2181
76 2241
87 458
33 3779
3 3896
55 3078
75 1495
81 2913
99 1245
70 766
47 561
68 13
39 3125
43 312
91 544
14 1100
93 2861
97 395
47 389
33 1741
4 3956
39 574
58 2123
51 2576
7 2992
25 809
4 2452
97 3982
76 2560
69 254
71 1626
94 1731
75 598
93 3709
22 2202
73 1174
65 2075
55 3414
81 1137
30 3467
25 1138
92 3584
50 1000
22 973
31 3666
43 2566
28 2580
68 1586
29 2325
74 66
90 2550
79 2490
61 2986
27 629
42 3700
32 58
14 179
98 235
14 3015
39 641
12 2433
50 3779
68 3405
92 4092
81 2465
2 2062
15 1300
75 1447
69 2262
67 215
9 2074
28 2606
72 3913
88 3430
47 4047
82 1319
59 3179
1 3299
51 2269
78 24
61 3355
5 1555
63 2540
53 747
33 980
93 2569
21 1233
67 1209
49 3918
30 3880
84 515
58 2155
45 2102
73 2083
2 554
30 911
85 95
41 371
66 1370
81 3338
65 2078
42 1305
98 2888
29 262
14 3054
93 2481
72 1146
43 3164
60 1895
15 3521
69 3256
75 2261
30 2800
3 1887
61 3747
44 2421
8 2938
13 941
45 2142
3 342
51 1247
59 571
49 3361
90 1544
68 788
20 3608
48 1303
92 3297
14 306
76 78
28 2215
2 1684
56 2126
92 2785
7 3826
14 1270
41 1852
32 3369
25 1477
48 2276
25 1783
83 2212
13 3558
4 3090
19 2499
3 3818
50 1568
33 1673
70 4029
9 3864
18 3487
85 638
46 2876
98 2358
37 725
65 2521
64 2323
88 1496
72 2047
6 1550
70 3656
40 1067
64 2676
75 725
96 3100
60 2270
58 1529
75 3731
60 2817
77 564
21 2529
12 1952
92 3719
12 2539
90 3937
57 2119
76 1264
81 527
19 1827
23 2451
42 1743
32 3319
27 3530
6 3578
82 850
38 1695
26 3129
90 37
48 2997
84 325
21 2568
51 2237
87 1531
87 3673
37 4014
23 91
92 2650
29 834
12 2266
59 237
19 360
51 2397
97 1481
65 2144
45 912
36 3218
39 814
66 3213
68 24
34 1604
61 720
86 1600
62 1007
25 1357
52 2748
21 2291
83 3524
19 2499
64 3023
26 1288
83 3013
77 3317
98 1766
50 2073
46 1127
73 1730
90 1274
62 1119
24 1666
75 1456
73 4068
98 3424
19 240
86 306
50 2372
41 3100
24 2002
5 1018
11 658
90 1460
88 2670
66 3629
20 2423
80 2127
16 3126
18 309
53 3231
96 2495
82 1461
4 2636
44 297
63 1024
66 3959
93 1968
72 1034
36 2303
44 2521
88 3551
27 2487
57 838
72 1067
82 517
93 781
47 3671
62 1715
58 1977
47 3848
28 212
91 944
39 134
54 1510
73 1585
74 176
63 780
78 2619
46 81
97 2763
77 3886
8 3608
68 1689
74 1573
77 3236
48 2569
83 938
76 1529
52 1393
95 3508
77 2972
87 4015
72 2248
62 1273
68 2126
95 2925
51 3482
20 1278
74 3661
94 643
16 78
7 2150
31 2626
18 2086
63 2620
9 2899
36 1083
82 1151
14 1259
75 1562
4 2361
78 1203
75 2825
24 2820
93 1234
2 1092
11 2576
5 2325
94 2822
27 1028
90 1811
98 2841
34 2647
83 2127
73 2317
28 3193
77 4077
31 2327
5 2778
3 1097
75 416
4 1225
16 1332
30 1
86 3864
16 1403
42 857
51 375
44 41
22 3312
41 2093
92 2937
58 2706
72 782
32 2218
11 1302
29 4066
43 1528
26 1980
4 1359
27 2555
89 3324
84 2907
43 2819
75 2104
42 1207
16 346
83 2173
11 1214
87 342
79 737
100 1968
62 74
55 2007
13 927
53 3799
29 2029
58 2796
31 2628
90 3785
15 3552
23 735
21 942
55 2851
11 1765
25 1490
41 740
1 3207
65 2855
93 2865
17 386
67 3166
38 1496
61 3253
76 3383
77 662
86 3836
24 2638
57 207
88 2835
23 488
60 376
87 3684
70 2039
71 602
31 2127
11 3373
84 3401
73 3061
21 800
47 1401
41 1088
100 2857
89 1820
95 1020
27 937
40 786
32 2734
50 797
81 2816
67 1483
6 2385
60 2042
25 1532
38 149
83 3352
46 3791
19 2689
87 4067
53 1517
34 971
50 2497
64 3765
3 2129
86 1811
84 1864
93 1694
28 4052
35 1841
87 644
1 3817
59 3538
96 241
43 1966
87 2543
67 1200
73 1840
97 1172
100 735
53 1973
81 52
88 1741
29 3988
29 1383
72 3183
86 3720
88 1924
70 2319
24 1196
68 2374
6 3670
82 3154
1 3174
17 2921
76 3529
89 2356
9 537
80 1229
44 1696
52 2159
27 541
86 3686
85 847
100 532
18 2095
18 1683
5 2383
52 3081
28 969
9 1271
41 2702
10 3981
26 3625
38 3665
53 3725
83 2007
29 3508
96 2633
27 3503
73 2300
65 1974
19 3169
92 626
26 1719
42 4058
73 1995
83 2518
31 1804
74 2992
28 3270
60 3098
56 2789
82 2775
53 2768
49 393
55 3682
66 857
34 2625
95 811
27 3076
97 3235
70 3435
32 2853
91 3702
72 2514
35 272
32 4055
72 4025
45 288
24 818
49 3666
11 3046
3 3156
23 1909
7 1821
84 643
100 1862
85 2615
58 1123
92 2365
45 999
12 1056
21 1599
92 3689
7 3679
14 2567
44 812
72 3674
20 3090
94 3838
47 2374
32 1774
35 364
80 756
43 2512
24 1027
50 1660
66 370
70 3065
38 1048
23 372
34 1798
27 1034
64 1054
55 2861
27 841
86 1178
50 1276
26 2906
15 3028
53 1055
58 734
78 2039
27 1875
31 1064
75 3653
67 2440
70 2618
69 2729
95 3500
90 370
28 2631
79 2858
99 3088
59 1841
27 2987
55 1976
68 1512
10 726
31 924
9 2213
44 3224
16 1834
73 4029
98 1319
12 1959
88 3675
66 3235
68 304
26 6
32 149
40 943
88 2615
22 2042
100 1744
89 1033
8 3445
88 416
50 1904
64 1647
78 3779
38 814
65 3
88 1697
22 2177
58 2449
65 598
91 353
56 1749
2 2456
16 1262
16 3352
78 3647
51 1791
14 18
26 579
40 2947
60 3056
69 1343
36 3254
12 2358
94 1748
95 901
32 2070
1 397
5 2044
79 3916
91 2268
74 969
35 823
58 3400
82 685
26 2793
53 1102
92 300
35 3559
85 1864
82 1515
64 3310
81 1316
2 4013
84 1268
9 562
36 3202
19 3498
73 2516
33 1330
77 954
46 2845
55 65
20 2313
43 1705
68 737
87 2844
90 2707
51 3655
4 3422
23 2360
60 266
97 1418
31 1393
57 2467
74 3037
24 2748
13 1378
60 833
70 2339
41 3769
27 1659
72 3024
94 2579
10 2893
56 3408
64 1791
93 2620
44 3339
81 3045
89 2638
37 1032
25 3770
93 5
34 2002
87 3042
51 1321
100 94
84 873
96 2829
45 480
77 824
70 1717
20 1382
96 3360
18 2668
53 2314
100 3190
55 2012
14 2492
6 1440
13 1592
68 2041
29 3007
61 261
95 2582
80 3879
65 3009
44 2752
66 2459
83 623
26 3916
89 633
17 827
69 2106
35 2562
33 659
33 2208
63 1741
2 1516
89 2856
81 2740
19 3405
21 42
81 1946
4 4075
21 3529
2 1409
6 2806
55 2710
51 1457
51 263
88 1231
86 718
95 3587
25 876
35 2233
55 889
2 1171
18 3602
65 3429
48 1589
1 3378
97 2926
71 1135
31 2902
44 2713
8 611
15 1538
32 2818
32 3561
97 3374
13 3211
70 3238
78 1095
99 3402
59 2227
78 3288
100 3890
69 3594
28 3656
95 3519
32 1467
53 2119
48 1361
60 4031
93 436
97 2521
58 3474
71 3931
5 309
28 899
19 33
26 4042
34 2207
40 754
46 1842
36 4037
88 209
27 2215
77 2898
18 2393
93 1362
77 2883
31 2479
37 1211
20 1857
54 1226
25 2199
8 1715
25 615
72 2074
32 2643
3 1668
99 4073
58 323
19 1935
95 2111
40 3532
65 4035
70 3614
9 605
22 3258
79 3262
45 3002
56 1669
84 3347
43 1975
38 1661
38 648
77 3428
63 415
74 3685
10 466
32 3422
40 938
79 1552
94 216
14 3372
98 2074
9 261
78 1796
32 3388
59 1405
68 3316
56 2589
47 3022
43 3913
79 1432
38 1634
30 685
15 3696
28 17
60 2949
32 3293
98 1569
13 572
84 3064
47 3038
64 815
94 2424
63 808
41 2309
12 3959
61 905
81 402
29 4067
49 3825
55 3912
97 3375
20 3603
79 2565
22 114
76 4036
8 1904
86 1313
15 60
92 1579
57 2744
26 2013
4 2938
58 1141
52 2414
41 2895
18 3545
93 1241
83 3019
21 3128
36 1241
76 2187
92 3821
95 3374
65 1523
60 2153
42 2297
37 3817
42 2482
81 4046
51 1729
52 3028
10 920
9 132
18 3977
100 2973
29 2231
96 168
39 466
25 1739
28 301
75 2157
73 3959
66 3735
4 2738
60 3143
19 2431
26 1548
6 2246
23 3191
67 842
75 3247
48 3130
15 931
64 2859
93 1487
27 2464
12 1660
78 1425
66 574
26 885
92 436
35 1693
75 2568
55 3662
14 1969
19 3728
67 3479
62 437
9 2261
76 2981
15 2358
20 3294
53 3674
6 1218
83 688
94 3866
27 1320
94 3106
71 1304
51 1452
72 3077
76 295
39 3845
23 2771
61 4026
100 1659
100 3003
5 2208
68 1478
22 2730
93 1431
27 3288
95 3961
73 2541
72 871
53 344
43 980
34 2310
64 1368
32 2736
54 2639
2 3585
2 1154
8 29
68 1025
23 700
48 1161
31 1110
25 2187
10 2193
77 3546
92 2908
89 3173
57 1156
32 2104
79 1741
71 93
41 2192
90 2925
44 3877
81 882
21 2308
71 371
21 3067
58 2971
43 1518
44 3698
9 2849
10 1449
88 3218
5 3799
78 103
99 2091
98 1040
71 417
49 771
11 1301
79 3341
71 2399
27 132
81 3474
66 3693
55 1978
61 1753
91 2352
10 2883
14 1735
69 1848
9 1182
4 647
10 3708
30 2896
20 400
4 2582
10 355
22 4071
52 267
19 2806
64 2015
74 1574
78 1335
48 2324
22 3344
7 2798
37 2962
61 2027
13 766
70 3484
53 2966
26 3962
56 587
56 3051
37 3506
16 3096
56 2222
6 1694
72 933
77 2529
73 4091
27 609
97 579
7 1433
32 3461
93 2508
2 2790
97 1553
68 2213
67 132
30 2266
55 3046
71 3800
71 3947
65 563
91 817
33 3609
97 3513
7 4060
38 1434
32 1670
73 1657
99 2218
93 3738
74 3715
73 1955
92 2999
40 2275
91 1546
9 3339
8 407
95 2665
68 1483
69 10
46 2930
16 773
39 1288
61 865
57 1541
6 3838
63 278
85 3043
57 2600
21 1883
34 3345
53 2157
79 1183
33 3670
41 2806
24 15
11 1027
15 2142
78 3216
38 1723
80 3512
68 1819
73 3160
1 2969
76 1985
27 1713
1 1879
1 887
29 498
29 1630
87 44
8 845
94 2430
98 3383
49 1896
9 2209
31 2473
75 1003
80 695
84 3199
99 630
67 3911
93 588
29 1473
5 1161
94 291
12 649
91 2273
75 25
80 531
76 2568
55 3230
68 2669
60 2480
7 11
6 1945
5 2397
55 3149
44 2460
21 4068
44 3627
42 728
67 1396
12 3257
72 463
16 3339
83 2430
4 3974
51 2608
53 269
58 3939
66 3258
35 3972
62 1126
7 2835
29 1859
1 1358
58 2543
5 1489
60 77
64 1395
75 886
48 1791
99 730
46 3120
11 2919
14 3212
69 1104
47 294
29 1326
16 3325
56 1396
78 1673
35 3338
85 1546
10 1016
24 2733
45 2667
67 2664
73 728
99 299
18 552
10 1630
11 2500
20 3883
13 955
47 2912
3 3696
84 2193
57 3649
82 2255
68 2581
3 2469
79 1317
12 451
32 2722
85 1593
73 162
39 831
2 1050
25 2390
44 3727
34 258
94 1693
82 2166
37 2091
68 1813
23 1214
21 1726
90 1220
52 477
45 2925
26 3117
82 1196
3 1651
73 467
49 152
49 1150
62 3422
50 2859
95 4087
62 1815
95 1428
84 1987
85 1462
50 1233
50 3050
25 4007
62 3146
90 1920
41 3350
94 645
78 2482
22 3911
35 539
85 3297
9 3526
43 2331
82 4043
69 4010
4 3426
6 3345
63 1206
80 352
40 265
91 956
31 560
20 3020
77 3393
50 751
63 1410
44 364
84 966
26 1697
64 2915
34 2319
16 2756
20 527
73 727
54 120
19 3149
43 509
32 2674
8 2653
6 2265
75 1805
43 3354
92 418
56 765
42 1135
15 3723
86 1827
66 925
61 2247
7 3230
2 2641
14 3441
26 1894
58 2581
58 3988
42 3852
84 328
2 3863
61 3333
47 2858
75 114
28 3824
44 770
20 196
84 2302
73 1285
3 1611
81 3996
84 2647
12 3953
6 3229
72 137
88 2721
19 204
81 433
