50 100
61 38
40 21
71 5
81 21
97 13
44 35
49 46
64 13
77 45
64 29
9 42
41 43
79 17
74 30
17 10
85 27
97 24
99 19
80 31
92 26
93 35
62 41
82 27
5 9
23 21
39 33
14 29
26 42
97 49
23 15
58 7
41 6
30 41
25 11
21 18
36 15
2 50
58 35
78 12
45 1
82 33
83 45
13 8
38 9
58 11
73 15
67 15
73 49
7 49
9 27
16 47
92 19
46 49
3 25
62 50
75 46
34 10
42 47
69 30
7 27
40 32
93 6
48 15
54 5
13 15
33 28
11 26
48 8
76 1
82 38
50 9
85 33
18 26
81 36
5 40
64 46
23 7
2 20
73 7
76 36
73 9
65 33
36 13
90 12
63 22
1 14
80 35
98 49
10 31
86 17
70 50
62 42
58 13
13 30
22 41
15 44
1 30
29 36
44 18
99 8
