50 400
90 24
4 29
31 9
65 47
52 50
97 42
4 16
95 20
82 37
55 40
95 46
35 17
19 1
45 1
76 36
49 18
10 5
46 40
65 12
88 17
61 36
60 16
53 7
86 34
93 40
75 39
37 10
55 6
12 49
8 37
86 7
4 47
13 1
86 27
62 26
93 24
61 5
90 16
11 27
99 3
18 26
41 4
87 47
61 48
45 19
84 32
25 40
29 39
92 16
65 6
91 10
79 4
14 18
69 24
46 19
78 13
44 20
17 30
16 29
79 12
97 15
93 23
54 21
61 45
87 28
2 29
87 31
32 50
100 2
75 46
71 2
60 16
73 28
48 38
57 26
51 3
92 43
26 45
16 38
42 4
15 43
82 1
75 16
52 25
17 28
72 39
81 31
57 3
59 6
92 17
81 42
19 23
85 46
69 2
34 12
5 50
57 36
53 31
51 4
57 20
34 28
10 14
11 16
19 21
21 10
87 4
52 7
78 38
53 48
39 38
60 43
37 16
28 39
98 31
45 5
50 28
34 9
91 46
25 9
16 47
71 4
50 22
11 27
9 13
25 47
52 36
89 38
3 18
77 50
98 21
6 47
50 40
58 42
87 34
53 5
30 23
8 32
44 20
10 4
84 36
50 35
21 40
23 23
57 1
75 5
23 30
53 22
71 12
63 8
95 15
12 27
89 19
8 32
89 17
35 22
3 36
59 25
25 31
98 34
83 24
40 5
3 44
76 24
6 40
31 50
57 44
28 45
64 35
77 4
52 13
76 6
51 36
80 25
66 29
60 48
52 49
4 7
43 29
80 50
20 12
51 26
7 29
21 20
13 49
74 16
11 1
21 11
86 3
88 3
81 47
2 35
98 5
91 42
35 22
91 4
35 41
30 41
71 2
10 34
50 35
51 12
35 24
73 20
76 12
22 8
10 25
92 7
79 34
50 13
55 42
67 39
85 48
81 5
49 43
90 48
77 41
9 12
64 33
83 39
96 7
98 6
31 40
64 10
23 14
22 30
57 40
70 41
87 1
96 35
45 35
84 21
25 45
32 40
77 15
30 23
23 28
30 3
17 43
62 41
58 36
72 15
75 42
7 14
44 2
100 40
39 34
60 13
28 44
55 6
10 34
80 32
11 9
84 29
54 46
22 13
33 43
29 7
86 36
72 31
89 22
20 27
55 30
42 34
23 46
41 32
31 21
63 42
81 48
72 36
95 43
1 27
86 29
86 23
16 7
4 5
28 23
83 32
54 24
67 28
71 8
59 2
80 23
95 10
71 16
98 15
59 48
44 46
78 29
18 44
85 21
50 13
96 34
46 1
8 13
29 30
20 39
31 49
64 25
10 34
91 7
50 49
56 43
96 34
21 13
79 8
86 30
70 31
63 15
33 22
79 11
52 50
100 34
100 13
59 10
48 1
68 49
1 24
94 46
57 16
8 35
23 43
14 44
25 28
11 8
50 39
70 1
39 21
34 38
83 44
99 32
44 17
31 46
90 24
91 48
41 1
32 14
95 47
7 22
24 17
81 23
58 50
25 46
71 11
85 5
54 34
39 50
2 21
45 41
96 38
40 36
90 23
99 34
19 8
7 44
74 37
19 33
89 43
78 9
5 15
15 9
50 3
60 1
73 6
93 18
43 32
4 34
54 4
68 24
11 26
69 37
13 37
19 1
82 49
11 36
63 25
96 14
30 7
66 4
63 10
22 5
41 27
89 46
82 8
21 43
33 39
29 47
28 49
49 11
47 9
46 11
36 44
76 15
100 41
70 12
50 43
19 42
19 9
39 1
18 9
45 2
