1024 2000
37 813
77 818
85 15
53 517
23 188
87 479
89 563
37 202
99 990
82 19
56 233
42 795
93 33
75 135
88 403
80 293
91 145
90 844
95 126
20 385
45 886
11 186
1 123
63 747
20 776
41 595
44 491
89 248
35 975
86 943
66 674
99 544
22 296
83 976
81 699
84 733
12 174
62 984
96 280
15 383
19 447
41 15
89 317
2 436
48 644
98 621
53 564
68 86
35 503
41 255
5 372
95 736
21 881
32 840
32 378
82 167
52 150
65 737
6 442
16 733
5 501
65 353
12 469
34 898
87 474
16 123
1 90
58 365
18 529
40 82
86 377
52 706
46 428
78 992
85 565
8 930
61 5
50 80
9 696
21 419
61 80
37 990
97 374
86 115
87 510
16 784
98 443
61 388
86 882
51 714
86 30
15 462
82 877
69 506
52 493
88 692
24 440
77 741
74 987
87 692
40 26
35 333
20 916
84 313
37 50
30 171
44 621
20 113
13 149
19 1020
77 518
27 189
34 320
73 747
18 759
18 753
12 864
97 227
51 781
39 504
66 540
62 909
16 281
38 608
21 616
91 46
65 266
50 42
25 138
56 866
84 177
2 655
29 654
77 771
82 395
18 216
86 923
60 46
12 97
29 608
56 232
33 821
93 886
22 57
7 626
62 894
54 491
84 818
64 380
13 530
78 814
45 684
61 844
17 892
5 357
7 628
68 104
84 60
25 262
28 988
35 13
73 664
7 357
22 623
68 1022
68 486
63 872
61 499
19 873
46 607
73 841
35 793
96 634
52 908
75 968
51 757
72 704
49 459
32 854
1 771
55 184
48 637
83 376
92 721
88 477
76 429
93 514
53 212
31 24
8 1018
87 966
70 947
33 122
41 680
91 437
67 801
60 658
62 650
26 525
94 233
41 649
77 270
82 857
21 261
37 576
74 847
90 1003
85 138
13 125
38 51
69 220
48 156
21 241
73 886
65 127
11 741
39 755
42 913
68 467
37 444
94 402
30 535
52 11
5 480
43 466
19 696
49 358
43 537
30 632
15 338
34 493
2 508
15 40
44 810
6 544
89 523
41 495
34 301
37 706
8 639
31 286
94 831
47 137
99 216
4 741
69 501
41 607
60 432
14 380
41 127
35 446
21 844
100 682
20 420
43 899
70 509
9 344
55 803
52 658
31 223
18 547
43 583
73 706
18 774
57 206
8 984
39 525
71 566
38 922
29 545
20 1019
57 956
14 344
35 817
69 729
71 350
15 737
48 380
18 921
25 479
75 5
70 753
17 216
7 710
33 255
86 908
33 259
84 586
6 550
14 578
82 392
63 504
100 835
35 522
27 1012
96 833
96 413
18 520
8 856
65 740
10 435
95 335
45 438
92 270
95 274
27 216
41 749
24 769
99 578
10 266
69 241
30 556
21 635
27 256
74 256
71 552
94 593
30 358
43 781
39 993
26 449
17 695
5 904
59 732
1 704
85 1022
24 46
85 572
17 604
75 122
55 797
77 524
61 534
37 371
27 483
44 320
43 524
70 79
3 428
6 859
47 782
24 26
56 385
69 484
24 399
13 822
39 254
29 536
95 177
6 53
43 221
77 565
12 362
35 122
26 429
17 896
30 812
46 1013
52 494
8 135
9 53
4 39
62 252
50 68
48 456
81 62
8 493
26 396
54 245
85 619
53 473
55 858
45 388
71 432
69 294
23 749
2 498
28 651
62 337
23 153
88 839
51 444
63 840
67 136
88 331
99 732
56 221
26 40
8 388
95 464
77 13
5 3
47 976
93 236
12 347
68 56
69 602
47 467
46 313
99 477
67 333
77 422
5 750
21 136
53 932
39 793
36 787
11 430
78 424
89 2
70 29
41 931
26 555
73 23
55 975
8 485
23 684
95 835
89 343
90 521
86 545
73 170
23 60
3 21
39 240
42 228
52 78
50 897
24 507
100 474
97 395
50 740
42 840
46 462
63 496
74 408
16 246
21 322
81 152
90 787
19 363
31 658
64 124
98 47
6 425
16 63
55 454
74 872
13 327
29 427
58 266
75 837
52 387
63 816
70 476
7 928
35 569
9 254
68 67
89 298
55 820
80 286
21 137
57 518
75 442
60 261
91 754
57 194
81 207
30 654
23 564
42 497
24 94
6 799
8 26
68 651
50 431
24 70
51 44
55 6
69 507
10 168
52 338
5 352
37 346
38 203
21 539
15 1016
80 424
91 792
18 862
6 271
57 329
88 835
12 927
36 857
61 81
92 644
63 360
48 963
82 977
9 590
15 839
50 98
46 348
37 687
49 282
81 453
22 273
68 982
63 79
14 583
100 813
38 578
52 173
12 853
73 656
39 615
46 1000
37 707
31 577
6 507
67 302
88 444
54 199
73 748
57 190
42 436
42 508
69 126
68 504
30 805
3 372
31 604
59 83
91 669
92 656
20 494
33 87
97 507
13 314
6 561
7 536
29 481
31 985
46 698
81 559
42 599
95 873
83 253
91 465
94 590
72 49
91 28
71 996
94 419
9 764
3 787
51 951
67 293
80 848
82 352
39 444
94 289
48 104
37 222
52 438
72 663
94 870
27 620
1 200
46 101
23 993
28 213
31 106
57 806
10 471
73 312
66 59
32 181
46 116
54 730
2 189
20 15
39 34
11 875
70 648
4 172
8 839
17 511
28 889
52 873
15 425
36 224
95 759
44 644
91 806
89 404
74 717
38 4
10 28
55 983
56 830
23 267
92 515
5 563
15 45
8 714
85 571
61 951
14 317
70 156
54 919
47 67
71 976
43 336
84 949
11 655
58 425
53 373
75 674
71 293
18 322
70 162
25 919
32 174
87 657
45 308
11 887
70 137
26 444
13 817
64 767
47 97
7 344
73 81
61 380
73 710
25 355
31 569
73 958
90 459
14 46
2 117
76 115
9 746
87 725
10 926
95 985
23 633
12 467
37 296
90 62
1 523
52 851
67 664
44 809
86 349
42 863
37 762
9 718
71 511
18 1020
45 885
40 411
69 259
13 182
74 699
67 534
21 658
8 263
45 119
95 394
64 901
68 932
6 184
45 96
23 19
55 83
31 47
37 371
97 345
8 859
7 794
48 215
43 728
66 723
10 524
68 289
48 323
73 13
63 821
28 177
35 199
55 717
81 751
68 549
43 615
51 90
49 751
28 811
10 781
82 275
5 601
44 680
36 760
57 406
88 800
34 371
18 840
39 218
30 126
79 636
33 125
73 101
31 5
75 304
45 396
11 41
57 118
5 896
73 389
89 408
44 858
86 138
61 841
63 214
34 97
65 682
22 550
50 72
42 669
96 314
32 954
39 12
63 51
31 923
3 159
46 602
44 60
11 664
60 70
97 841
14 702
11 387
3 256
91 780
36 834
81 964
43 423
59 809
13 858
91 911
12 1012
65 1008
71 203
11 946
48 500
23 438
73 237
100 403
44 258
70 392
27 226
51 829
21 281
25 97
2 295
100 106
55 472
69 329
38 735
7 946
42 1013
51 386
65 158
40 716
92 945
91 482
11 413
91 795
54 899
63 807
34 874
20 452
77 1000
16 995
71 6
4 920
54 250
78 218
7 45
78 822
78 1016
20 112
61 566
18 74
76 772
20 609
46 768
100 942
79 816
40 429
89 803
65 815
100 606
12 435
10 941
56 615
9 511
74 313
36 607
86 492
75 241
76 976
96 112
45 727
43 781
27 723
79 455
25 587
84 521
85 686
29 228
32 345
19 1002
9 790
100 18
21 938
3 333
97 242
24 758
76 346
78 75
48 48
97 557
86 565
13 630
78 489
14 501
30 572
66 466
89 38
84 594
91 742
58 840
87 345
33 927
98 62
69 733
17 505
69 743
49 317
24 270
74 181
35 615
72 224
92 65
65 539
74 212
12 559
47 215
63 599
13 568
40 93
56 768
97 541
10 642
57 834
71 638
74 657
84 742
57 284
10 117
2 439
80 54
65 354
16 875
8 384
38 587
60 693
7 48
69 816
1 42
53 576
59 615
80 907
28 64
70 113
61 987
23 508
88 523
70 283
17 789
30 790
28 117
98 682
97 667
53 853
96 74
72 362
36 612
100 1019
39 409
51 855
92 657
91 387
11 176
34 527
40 311
84 291
56 749
56 592
51 421
100 74
18 824
4 157
75 679
19 61
24 257
12 435
45 230
97 43
65 466
85 344
97 860
75 180
100 582
3 975
90 166
48 471
25 459
11 375
6 777
12 177
49 327
47 921
80 407
99 960
25 507
99 625
50 913
72 926
55 550
52 448
27 899
3 680
2 521
50 447
94 465
87 282
39 209
87 322
27 117
13 463
20 536
23 965
88 866
22 894
71 717
38 82
24 212
49 925
4 790
83 1005
15 969
39 1021
53 441
23 767
61 575
34 156
98 268
1 510
2 962
79 500
47 696
21 222
59 317
94 615
23 468
59 313
48 857
41 564
25 627
82 830
2 511
17 263
23 57
88 888
43 127
99 649
86 944
58 705
92 991
7 318
82 889
50 845
66 939
80 994
57 689
27 718
76 760
9 954
64 728
25 810
14 155
94 652
94 279
44 310
57 626
51 678
66 233
66 187
95 881
25 687
58 955
61 721
46 337
34 482
16 442
67 894
84 701
29 670
67 852
67 200
25 581
13 942
21 351
25 959
27 261
70 752
51 1002
20 881
50 73
10 353
14 604
46 86
40 742
27 235
49 709
82 1021
61 286
67 54
28 19
48 843
91 609
42 469
46 1018
41 899
18 662
12 580
30 449
29 521
35 395
27 735
99 164
8 343
6 646
40 61
16 384
91 942
56 449
50 554
50 711
100 507
44 655
50 589
72 726
42 246
36 840
40 174
80 687
45 429
20 912
21 971
75 368
92 239
48 250
88 233
84 195
67 283
2 801
52 929
98 957
78 598
64 105
19 751
16 263
27 75
51 644
74 421
11 909
11 802
10 426
10 69
85 748
72 446
44 199
10 2
67 499
79 902
55 345
25 370
64 783
9 758
2 466
42 388
50 813
73 484
50 174
4 834
10 903
23 421
49 604
98 207
70 1020
49 681
25 713
98 948
75 470
5 873
91 834
40 261
98 401
100 836
98 271
37 471
30 900
16 226
43 289
97 557
93 517
41 625
17 238
8 675
100 204
71 618
9 759
30 635
79 597
58 708
84 66
87 1017
5 22
94 420
18 650
12 594
34 164
30 346
45 741
97 84
100 519
34 957
81 555
67 387
96 1012
87 995
69 225
95 1018
78 180
73 555
30 364
57 971
39 318
17 927
75 289
79 978
83 688
82 36
26 452
74 345
23 492
3 492
36 277
17 961
37 897
60 262
24 616
80 762
5 500
48 967
12 650
5 571
89 806
58 531
86 3
39 672
43 166
51 186
42 623
43 898
7 614
95 730
73 343
47 113
74 107
60 606
72 976
32 45
53 757
31 990
23 425
50 229
14 776
47 8
71 537
85 869
94 16
11 330
10 17
46 175
3 497
72 879
20 931
39 181
95 473
62 398
89 783
86 463
63 16
10 909
72 350
61 677
77 303
86 722
32 424
73 442
88 652
12 344
51 194
32 197
70 669
66 539
56 196
65 962
35 446
2 763
19 574
27 136
89 397
37 172
96 729
57 715
5 909
42 915
70 557
3 744
70 681
2 629
24 234
98 62
91 387
20 449
64 215
60 812
11 417
23 406
57 572
40 477
100 130
19 533
58 454
12 887
42 509
7 985
30 32
26 396
54 846
33 354
44 404
73 646
40 100
11 941
79 122
9 102
83 760
98 937
1 886
23 298
74 266
10 88
85 279
79 715
32 303
60 135
7 184
80 502
31 806
94 953
92 811
38 154
82 664
18 734
97 865
27 894
22 264
77 402
74 440
48 642
70 135
84 424
43 532
74 601
57 319
86 216
25 559
26 650
10 435
91 722
87 365
28 380
56 548
18 146
63 873
39 705
76 538
12 302
89 5
94 358
56 407
97 428
6 942
38 139
21 412
73 627
49 428
71 380
59 764
85 938
4 287
58 595
97 721
48 869
6 774
82 25
72 775
92 97
56 505
44 20
61 72
87 669
71 629
12 449
44 549
2 979
71 979
78 635
80 421
4 377
18 681
49 326
67 852
70 99
73 657
50 225
84 764
93 202
92 916
83 735
4 1012
86 251
47 215
93 618
91 340
14 805
85 370
2 427
5 527
25 529
88 643
61 887
14 621
25 750
9 715
44 952
94 125
90 644
95 39
69 974
82 206
46 374
47 859
69 772
21 301
80 520
23 5
79 301
45 447
94 113
13 485
21 838
70 218
50 948
44 694
1 634
56 626
95 450
96 783
57 821
60 473
76 1002
29 698
70 77
60 303
82 256
52 230
30 373
11 527
36 703
48 169
84 71
86 294
57 230
93 717
2 112
1 341
37 641
35 367
58 134
21 907
66 432
92 459
44 558
25 76
60 156
68 547
79 13
25 747
90 893
51 267
72 604
72 68
36 622
18 937
51 79
83 120
14 930
14 290
28 538
89 699
14 608
34 920
12 38
30 862
26 56
44 909
35 711
56 879
24 386
15 39
16 586
42 973
23 736
86 954
45 602
89 942
33 850
1 805
31 454
46 792
14 745
4 144
60 627
22 739
36 789
57 451
86 935
32 840
6 637
10 894
95 374
12 399
23 624
71 61
46 820
60 563
61 503
58 972
77 704
54 93
68 439
15 817
13 942
12 994
67 377
71 769
70 650
39 948
46 322
96 303
81 835
53 657
21 546
64 418
93 266
62 692
80 28
64 28
26 92
13 500
48 859
4 194
17 386
9 734
55 101
56 824
11 876
80 224
69 36
81 622
61 126
73 1004
69 773
35 98
64 3
37 307
81 840
28 321
86 617
14 908
45 41
79 627
28 139
38 289
2 466
62 474
11 174
5 744
22 459
25 785
89 414
96 297
53 567
70 430
63 647
82 875
4 1020
14 579
22 303
83 307
21 752
88 335
30 208
62 847
34 895
88 102
100 675
43 512
9 1016
94 376
98 231
82 301
38 703
88 360
98 722
34 750
66 422
52 351
17 114
97 271
52 780
76 267
18 770
54 647
33 695
54 375
25 223
35 127
82 530
74 907
92 127
100 677
84 691
3 153
16 175
55 787
83 794
17 360
52 807
30 276
69 1003
66 378
70 301
60 103
74 989
33 33
95 616
73 639
34 711
83 62
26 189
68 816
70 877
59 497
7 133
9 111
75 398
72 312
78 991
46 504
67 398
68 22
61 221
44 271
19 426
48 792
14 155
55 571
99 734
8 665
6 816
84 976
41 239
24 887
42 677
70 136
51 901
73 39
33 816
9 4
93 640
99 830
23 354
41 801
19 420
30 928
15 193
55 399
23 118
73 636
51 626
24 845
35 928
63 599
64 168
22 936
79 373
14 577
78 94
74 788
5 795
23 723
19 545
25 393
59 358
57 433
43 776
13 461
75 111
48 374
98 637
46 61
45 3
29 710
16 990
21 608
8 139
38 722
72 402
71 322
11 95
42 718
6 1006
34 524
80 189
22 370
6 159
6 810
29 42
24 256
40 968
15 767
39 144
77 766
65 555
43 280
25 816
33 494
37 126
13 888
51 890
45 116
56 662
9 184
40 396
79 711
80 277
29 422
96 917
31 965
55 225
88 71
56 192
60 812
37 557
11 631
10 908
98 446
61 647
49 224
90 44
30 357
24 363
38 740
15 940
80 702
40 899
48 155
90 312
42 382
84 617
69 265
64 734
58 20
72 315
76 374
38 153
82 677
15 484
32 770
39 47
51 539
81 194
29 1010
9 635
48 348
27 356
37 726
81 298
65 421
52 988
18 969
49 499
54 631
22 1013
44 357
48 822
43 980
96 563
50 496
93 309
48 399
16 432
12 728
77 845
52 317
20 917
73 924
72 882
83 349
63 906
5 906
72 575
41 695
70 802
70 286
90 1009
85 749
52 784
53 121
24 576
13 388
77 697
63 860
63 817
40 401
23 889
90 378
43 118
60 552
24 213
78 1005
50 498
22 613
57 158
85 861
81 145
76 177
82 510
4 372
35 196
24 1001
40 29
50 498
94 401
98 41
41 863
82 810
36 751
47 592
28 107
76 616
28 651
17 69
93 804
8 439
15 187
83 34
43 768
92 360
44 557
5 756
15 422
78 730
92 940
45 31
6 725
30 273
27 414
45 487
18 780
45 168
34 315
42 156
62 733
16 201
73 916
93 659
61 474
88 460
97 660
74 410
56 111
87 711
49 1023
53 718
87 74
1 720
28 62
100 446
74 367
46 34
38 578
32 570
59 31
49 415
55 494
9 26
76 483
96 104
29 909
41 235
98 682
39 345
83 806
66 513
4 412
6 405
49 214
38 1016
60 978
14 934
59 206
28 26
68 671
10 145
75 950
15 512
95 309
49 326
90 622
38 237
77 359
85 998
32 590
85 816
11 370
9 989
72 660
55 239
63 120
87 861
17 762
61 652
6 181
93 136
26 790
92 811
24 1013
28 696
2 748
51 97
13 187
33 668
99 51
75 129
54 265
1 215
66 313
86 48
73 818
19 271
7 554
1 706
38 840
89 96
43 863
4 655
54 252
91 872
23 181
16 472
29 964
50 447
29 527
18 745
12 676
51 902
97 47
52 747
30 960
78 424
35 9
31 824
16 353
39 562
41 646
18 977
21 695
67 837
54 892
2 517
71 548
87 748
55 978
6 456
81 287
60 687
15 934
2 554
14 132
24 794
97 101
26 338
11 121
66 992
28 707
81 531
71 879
70 825
56 723
60 720
61 111
3 279
64 868
60 281
48 923
34 752
75 796
61 794
52 215
1 903
97 221
29 127
51 662
95 906
76 183
46 344
77 984
14 313
55 430
69 802
8 643
98 327
14 594
20 305
40 856
95 705
5 592
7 127
25 758
65 589
60 610
88 208
61 530
80 371
79 89
69 262
55 678
68 120
27 683
32 31
11 606
7 567
53 541
73 402
66 701
82 189
50 897
13 854
74 916
29 336
92 349
38 710
66 161
65 248
48 228
62 334
26 1012
24 1006
