4096 1500
89 3613
47 3582
40 3763
96 1285
80 3348
69 2572
57 3456
10 1223
36 690
79 1656
61 4087
59 1383
41 1941
73 1825
28 2011
30 3568
23 2192
49 3583
71 3221
23 50
40 680
49 3380
3 2242
98 2035
51 384
42 1231
31 3388
34 1523
28 2374
39 503
40 3912
74 1815
48 3027
77 3866
71 2071
19 526
94 2439
9 2789
76 314
39 3515
34 320
89 1072
31 3262
86 843
32 1844
65 1827
96 1319
85 3667
65 845
12 2399
64 3254
48 1569
48 2732
57 2179
61 987
1 3742
78 2246
61 917
63 3310
67 2950
26 3103
17 2717
25 225
67 573
14 1626
75 3985
59 1798
85 2378
77 1718
32 3478
92 2057
87 4010
74 3840
78 1616
97 2588
34 14
30 1150
46 1919
2 920
95 2443
93 1366
43 3327
43 3788
60 3596
25 2068
13 16
76 2003
37 233
50 758
40 703
13 2317
72 843
74 3446
49 744
85 1155
94 2814
16 1421
80 1587
20 3652
34 2520
31 4062
11 1650
96 2464
58 3714
65 3729
96 2470
22 1035
72 1319
88 1976
26 653
66 1152
2 1554
60 1413
44 3683
72 129
74 2590
74 544
11 2061
83 2024
70 2132
17 1997
25 3606
84 3816
88 3415
19 2890
47 728
37 3436
69 2516
81 1324
26 1720
40 111
6 1545
86 356
38 3661
36 1187
68 4036
24 2200
45 2119
91 276
81 3613
49 1408
44 3109
79 2525
32 1499
76 3629
63 1204
59 3432
84 297
87 2257
13 2070
80 1556
77 2531
75 1457
13 1577
57 1989
25 801
72 1336
42 47
84 1341
13 3612
82 667
27 516
46 3466
36 3789
35 672
58 974
31 3771
20 1885
59 4056
73 2863
76 457
72 1248
21 3477
2 1556
37 2838
63 1594
41 1789
62 3506
3 2921
22 2785
49 864
54 1723
18 3165
88 1668
56 2972
43 975
13 2
30 1125
78 3515
36 102
97 3751
84 1665
91 3805
74 2601
93 176
85 2125
79 950
24 1576
62 3359
23 3141
74 3677
100 1566
82 2241
70 3059
64 1274
25 3916
56 760
48 2370
4 2557
95 3096
20 2163
41 3770
69 876
45 3130
78 396
99 2371
36 2194
41 3654
30 2530
76 1997
67 1680
4 634
59 3299
24 2906
24 3878
62 395
48 3030
45 960
69 1317
98 4042
8 2168
48 1688
97 2156
13 602
50 3860
23 296
40 318
90 3882
81 3933
64 1280
82 501
50 1561
78 1742
49 3338
35 2514
43 674
93 1502
89 849
30 3605
18 151
41 4048
46 716
70 1375
81 3886
51 3192
57 828
20 2742
65 3125
52 813
46 3446
10 1552
31 3910
30 2384
94 2615
72 2111
89 1164
55 3210
43 2332
21 2380
25 1699
71 3189
7 1071
38 819
91 2221
87 2465
26 860
24 1593
1 2973
28 1334
63 1771
56 159
11 1410
85 717
85 3857
32 1765
31 475
89 3985
45 2691
63 1643
67 2337
71 2385
48 4027
1 3868
99 3856
93 298
26 453
64 368
10 3824
45 1507
56 84
55 947
78 32
27 2102
74 1542
9 3536
42 3755
84 2978
25 1704
89 2492
63 3854
89 2993
34 3244
80 2071
52 348
89 2459
52 2752
97 989
91 144
55 1408
65 2739
3 1466
93 2671
47 1986
74 3096
45 1741
21 3169
81 3062
84 3996
48 1191
36 517
94 679
84 2958
67 1954
65 661
89 689
35 111
39 1700
81 2501
97 3059
72 4065
47 256
73 1339
97 1356
86 257
91 1485
85 2100
59 4040
25 3830
93 4062
50 1161
70 3793
75 2808
12 4052
45 984
66 2712
100 3716
64 4088
38 2188
27 2195
56 3893
48 3216
52 1746
59 2857
35 959
18 1873
87 3475
21 3390
99 2964
21 3399
43 2262
14 802
97 885
65 2838
37 2139
60 1420
60 519
36 3831
17 3698
91 3743
1 1316
87 2679
99 3087
48 2881
94 1220
91 1804
5 100
81 1265
33 3397
38 4057
88 942
64 3375
56 1919
61 3724
97 1604
75 2081
63 793
83 3613
24 2635
57 1737
2 483
57 3239
55 2049
11 1567
82 413
7 2789
98 2906
19 2813
73 1079
25 2249
82 1715
65 1505
63 895
5 2290
81 3418
55 3287
12 3471
93 386
47 2835
4 2772
3 3478
100 504
32 3530
5 3016
49 1661
24 3194
31 1400
26 1785
38 1623
31 1727
48 4005
5 747
95 3345
29 705
51 3084
73 1234
94 844
5 657
90 957
80 790
41 743
71 1895
94 489
16 339
83 3658
1 3054
82 2981
40 2848
5 836
68 216
52 2932
61 2289
12 3185
73 4053
78 2520
42 2662
58 632
89 1307
12 44
33 3230
53 3710
23 3170
42 1891
9 727
34 1376
54 2549
16 2390
33 3987
82 3685
83 1523
8 592
29 1273
39 549
19 2343
24 128
44 196
89 3663
61 2334
85 1189
80 86
96 4001
7 2775
50 3375
93 3772
96 2511
42 975
50 1286
72 229
90 730
39 2425
93 4046
40 597
52 1888
63 972
20 1894
6 1544
27 3692
30 4092
54 2887
59 1837
97 869
56 307
74 963
87 3988
20 3105
28 2549
10 840
45 2570
71 1979
49 1707
1 502
10 1575
69 3471
54 3067
13 1241
23 3562
17 3618
8 166
8 306
57 2176
22 2373
92 2367
56 3772
96 1842
47 285
20 1431
2 2701
29 883
20 478
97 240
98 659
93 3826
1 3572
8 664
49 4048
87 3190
52 3466
53 1439
70 2300
37 700
96 2732
18 3370
89 1038
72 3412
27 8
43 3233
90 3356
42 846
39 2857
50 2612
17 252
9 1036
70 3165
27 2763
61 1659
58 3952
22 1495
57 1630
20 3380
21 4046
99 500
74 4053
51 2048
30 2589
68 2311
28 3616
71 2809
4 2184
49 3030
82 3245
44 215
69 885
13 2229
27 144
57 3459
81 803
62 3275
95 3716
26 1561
1 2033
59 3312
81 2337
16 2108
20 3901
65 1273
77 1632
91 2053
76 3195
74 934
38 1698
1 3431
84 158
77 3259
26 3834
7 1986
46 497
57 3322
46 3225
61 3257
89 2373
70 1981
36 1920
14 2424
67 123
65 260
16 3653
78 223
31 2202
81 3588
59 107
33 3709
56 2677
34 3437
13 171
21 737
23 3030
22 2451
54 2655
74 1872
73 38
79 500
59 1725
90 3405
62 107
96 1769
61 276
77 816
68 218
20 661
56 2753
85 2931
82 18
93 2539
92 2062
58 1352
7 2445
3 1693
93 2573
5 3998
15 3896
74 2891
27 3050
43 3027
12 3862
27 3655
2 987
49 108
69 3773
22 3676
58 2960
76 3837
68 2782
81 1380
22 2434
65 3936
85 2951
63 2308
92 2341
10 1075
18 828
22 528
50 3122
7 2818
11 3280
82 440
59 3329
84 3450
86 1613
37 3272
50 2014
95 2182
44 1745
49 2771
65 1630
38 2095
97 383
54 175
80 3256
68 2206
39 1293
62 486
57 2825
75 2539
61 572
50 290
65 728
48 3452
5 2864
94 2461
6 1875
55 2854
93 3080
100 1665
19 1924
66 582
16 2419
59 3741
24 905
67 1488
96 3896
98 4060
63 153
71 2999
92 1445
92 3413
99 1822
51 1480
6 1102
16 3044
69 2917
85 2145
60 595
61 2387
28 3971
22 2975
46 1555
39 200
15 2257
31 627
77 466
7 2924
67 2113
71 3092
59 3450
48 2143
70 1568
15 3509
79 1979
15 3662
53 1577
32 1526
7 1382
10 742
31 828
32 3243
61 1310
86 3579
47 2376
3 2541
93 518
87 3999
85 778
43 151
28 1114
20 513
46 2256
82 1724
73 3763
77 3179
30 3832
66 1786
98 299
21 372
59 3843
4 307
76 3498
65 2348
43 3620
75 2935
17 2214
55 3326
49 1388
17 4010
31 3418
80 1548
1 1321
54 102
48 506
45 198
100 3384
8 515
38 713
86 2964
80 1264
2 872
58 1152
61 3850
48 1053
31 3594
70 2759
89 3527
59 282
72 1602
19 5
63 1038
64 2303
92 2077
43 318
85 3250
89 2746
21 962
46 125
56 2341
57 382
22 1551
100 2882
53 3123
56 512
16 3950
92 2427
44 3904
49 2443
60 3647
16 2828
16 245
82 2824
2 1279
16 1921
23 28
95 1360
54 1346
57 2558
56 3308
82 1000
90 3585
50 4053
80 4058
71 1180
92 1063
35 2311
91 1388
94 2512
46 3985
53 2188
36 2639
15 1494
44 3692
47 260
35 3024
23 1968
53 588
8 1808
73 227
75 60
65 2898
22 2595
77 3407
2 2855
27 1346
42 3210
4 397
3 3872
80 562
99 2894
81 1293
42 2001
96 2689
17 2428
79 2699
83 107
52 760
53 1689
22 3711
55 3364
60 1392
61 848
56 3084
63 1779
17 657
1 3133
85 1342
30 3828
42 750
99 2849
40 549
19 852
88 1560
24 1377
78 2986
60 2133
25 3120
52 2069
87 3602
67 1655
78 327
100 2110
60 1729
41 1602
30 3999
78 1829
71 3308
12 1758
19 1123
70 1944
64 3777
85 293
53 2960
69 811
54 2111
94 2627
54 3157
93 9
25 2481
70 3266
24 1963
74 2834
95 3678
56 1945
72 3629
13 716
6 3869
76 2014
36 3368
48 1101
82 1193
20 3819
37 272
52 1041
48 1341
66 1039
20 1208
21 382
29 272
30 1492
52 2118
87 3113
42 3214
18 526
57 3854
18 3867
10 1257
25 1203
52 3320
59 184
49 2453
26 3868
20 998
85 352
73 2478
99 1073
60 4050
85 2389
99 1119
30 1556
20 444
46 1825
36 818
27 3228
50 1174
43 606
66 536
69 3189
66 529
84 2802
70 1286
14 3505
67 3963
82 310
1 615
25 1860
10 3190
52 2758
43 2615
37 4048
20 1203
93 3317
98 933
21 3271
69 1852
1 371
37 1754
71 280
64 1576
73 2604
15 2453
87 3248
18 4051
73 1456
69 3797
8 2260
91 1964
24 2641
65 3888
3 261
51 3791
23 683
21 410
42 3068
97 1550
100 79
62 1942
39 1451
76 1139
43 368
72 218
35 1742
53 10
2 981
5 2101
54 1443
11 1872
94 3243
73 3087
19 170
1 3790
84 446
7 3574
93 3531
85 707
82 1456
40 2429
21 3104
78 3483
13 2239
31 1230
41 3281
45 1710
76 1286
73 546
91 1241
63 1702
86 1873
48 3582
3 1796
68 1109
39 1115
53 2351
51 1878
33 111
16 3223
32 3701
8 344
94 739
97 2014
76 3083
90 1522
13 844
58 1868
57 605
43 521
97 2817
83 1153
91 1757
82 2808
51 3050
90 3206
6 245
62 3967
79 1082
17 2266
49 1042
95 757
85 3085
72 2214
17 2190
18 1305
46 272
65 1980
89 1390
63 3895
47 2625
73 2996
49 2458
55 3852
95 655
37 3607
80 1712
55 3581
88 2890
58 292
43 335
72 1892
30 4052
76 2634
85 466
9 1688
90 1341
87 1863
66 3453
22 3240
15 3638
55 1707
93 3017
63 1952
39 2888
87 2793
98 3838
69 3827
45 364
49 1042
33 701
65 3919
37 3315
17 1742
44 3302
13 2682
99 3635
4 4096
28 1482
75 270
37 98
46 3494
23 3650
65 3632
61 1493
1 746
69 3305
20 137
15 2252
10 1098
77 2762
68 203
89 4071
18 760
89 2153
81 1729
6 4090
63 2088
44 255
99 3560
91 2199
49 3939
63 776
19 3930
55 1856
39 387
49 614
58 2821
29 791
4 2045
19 512
93 1096
62 803
56 53
85 710
60 2803
5 3821
89 219
28 2623
48 3527
34 983
17 903
44 406
23 2184
53 3207
92 43
62 3905
99 127
43 226
79 1668
59 3791
6 3843
99 3019
34 4014
53 17
64 1927
19 3261
25 2595
6 2455
90 766
73 814
81 1187
18 1947
9 1232
84 1492
91 3106
30 3273
9 604
43 2818
57 3739
74 3965
85 3833
53 301
11 2698
8 3012
68 224
81 176
18 350
30 2723
10 197
18 384
58 1303
48 2058
78 1754
11 2426
89 3613
58 2965
81 1326
86 1583
20 1925
90 3391
76 227
38 3558
20 1591
24 2157
31 2301
81 992
91 2100
58 1412
22 3828
57 1154
4 2035
38 2596
24 3287
26 3287
19 580
33 3263
38 2050
92 1381
88 811
90 1330
59 1982
10 2617
1 1275
72 3838
38 3768
87 254
42 917
77 970
99 2931
12 1222
70 2741
16 219
18 3111
15 238
73 1040
27 2935
25 3888
83 3006
6 1386
51 2072
33 3642
89 2763
14 1077
44 568
19 3891
33 3420
51 2176
94 3229
58 1141
26 1014
64 936
64 1105
92 1306
18 1793
3 2760
44 3748
9 2092
62 2766
49 2049
90 3079
11 1026
7 282
74 1944
34 295
12 2879
13 1168
62 1160
68 445
74 2285
54 1060
8 2005
63 3253
81 3124
42 3169
32 1159
47 2919
5 457
8 1290
5 2613
8 1388
99 2892
43 1112
48 730
17 2421
98 3794
48 3962
70 95
26 1702
38 943
30 198
50 2925
16 190
29 2219
35 1685
63 3062
49 2129
14 1531
76 1813
5 700
33 1178
65 3616
11 2099
94 64
36 2832
7 478
5 3108
42 2048
13 2686
42 679
55 904
40 3347
68 1501
97 2175
65 3041
87 3449
7 3271
81 1165
89 2582
57 977
9 2235
42 249
22 759
84 446
4 2465
84 3718
32 767
64 2303
80 3749
94 1484
61 3256
45 2815
34 3805
88 3703
2 1112
99 3607
10 2036
23 495
26 2055
68 2141
83 2063
91 3791
25 634
65 1000
14 2378
52 2979
41 3320
45 3967
24 1580
1 1221
79 59
35 1940
42 490
70 791
68 3373
47 2966
87 597
16 72
43 561
19 1516
42 3554
34 379
69 2095
61 1708
14 3821
17 2269
11 3659
32 1876
60 2546
70 2595
90 1500
29 3161
5 28
44 3327
76 206
54 3526
84 1144
52 2440
70 56
96 2815
24 2980
79 3658
62 1099
89 2594
16 6
52 1369
25 2556
85 3601
76 3664
79 3171
42 3577
72 3533
72 2407
28 3861
86 1927
27 2241
86 3566
46 3352
20 3238
73 115
43 2940
91 652
4 1916
100 3983
3 2987
33 1256
63 1561
20 3090
79 2568
78 2333
74 1336
29 1208
13 2279
59 1372
60 2311
18 567
6 2969
22 2553
84 1373
39 2270
3 1400
82 2729
28 121
2 2830
4 479
26 3086
87 1543
37 2619
81 659
83 1144
77 1380
42 26
8 2927
43 1039
40 921
81 466
56 2738
59 1183
18 820
45 1450
95 982
99 3113
76 635
31 2248
33 1529
96 165
65 1005
94 3160
56 2768
19 39
21 3411
36 1912
16 3698
63 813
10 3011
6 1720
28 2700
36 2420
42 2370
11 530
83 3962
38 2711
47 884
74 706
71 1876
48 3243
94 1247
19 3241
81 57
94 1270
91 2219
97 2962
7 3724
25 60
1 1856
26 1799
45 1283
85 2591
98 2187
96 1721
54 4039
59 1156
78 1925
60 2038
13 257
51 951
56 2199
25 3298
82 1101
61 3822
88 3946
69 581
53 1937
79 3298
15 2371
70 4089
69 1789
68 3502
9 1447
7 1598
32 653
28 83
7 2364
100 580
57 2640
74 2324
50 1830
80 3622
46 1979
55 3793
37 3745
33 2565
5 836
3 1053
78 3413
90 3985
70 1102
51 2820
73 3350
68 2833
62 3705
