1024 500
42 600
87 589
22 213
53 329
74 780
38 771
12 1014
22 874
27 604
84 818
15 553
56 838
11 867
65 186
75 659
98 972
10 304
8 711
68 16
91 310
79 60
64 434
61 730
75 183
13 594
64 107
47 67
96 321
1 697
43 767
39 716
94 564
75 225
30 511
65 264
88 11
99 875
37 371
40 727
97 888
69 528
30 419
82 914
75 503
90 221
61 916
8 959
27 931
7 704
77 399
27 212
66 265
18 854
83 642
64 163
13 852
94 475
50 259
20 985
61 949
41 1006
88 93
76 270
83 74
21 415
5 915
26 882
71 687
71 789
56 242
87 809
18 616
11 315
6 622
43 611
42 456
40 361
84 507
94 546
48 578
28 28
12 561
73 622
99 595
38 527
29 312
23 906
3 569
16 776
66 471
78 711
94 953
87 449
35 676
46 1015
97 929
38 696
77 927
41 687
5 678
33 309
1 499
34 891
91 386
66 208
12 1004
66 757
64 964
85 343
35 150
37 843
6 350
38 518
84 806
60 749
7 369
25 423
51 223
13 910
60 931
1 439
26 1011
27 817
22 351
43 541
44 467
39 553
53 873
82 44
58 225
76 89
37 825
23 436
11 800
81 630
18 413
92 591
99 214
35 325
80 518
29 39
8 199
75 776
95 636
48 701
100 587
21 429
27 275
24 409
82 160
58 755
88 57
45 971
18 704
59 833
9 111
75 156
53 437
28 356
56 727
56 908
1 820
92 676
18 151
16 120
22 74
2 881
26 171
47 400
26 73
96 46
91 55
1 492
71 108
95 539
54 878
82 99
77 733
34 742
39 833
97 168
26 711
72 12
45 851
51 730
23 618
59 82
68 975
61 139
91 395
65 892
8 74
50 920
18 739
29 664
36 474
71 429
76 854
68 16
60 850
45 579
64 495
100 91
13 208
69 503
18 905
99 849
30 336
60 759
35 356
6 598
69 204
34 988
70 442
67 713
19 723
67 710
65 926
17 638
29 5
32 710
22 486
74 863
30 253
50 872
77 995
85 413
35 446
41 208
71 355
36 130
22 163
27 246
20 615
15 173
80 999
46 505
80 392
51 257
56 940
76 228
11 548
29 61
82 1017
100 856
27 163
97 400
37 800
86 389
66 504
57 1009
2 418
97 938
25 832
42 429
3 274
64 633
81 272
57 790
12 960
70 611
43 582
38 423
41 631
39 747
27 347
55 588
49 196
61 549
3 671
57 749
76 609
70 740
16 26
22 120
86 103
18 60
8 715
10 17
34 269
7 432
95 469
91 355
16 496
20 666
58 856
75 61
48 748
40 296
73 281
43 734
3 120
37 43
70 251
11 131
99 821
14 109
81 557
40 929
60 343
18 169
38 960
1 614
39 4
53 432
53 299
69 667
58 934
17 227
56 767
82 678
47 919
98 828
3 225
28 478
99 277
82 741
41 874
26 895
26 214
94 138
76 443
36 929
72 489
11 511
83 488
80 794
91 949
61 833
66 304
59 716
88 932
52 792
74 761
11 635
58 964
28 461
18 551
65 733
19 496
67 246
71 382
35 341
75 611
58 456
86 436
7 469
7 579
5 100
39 899
82 265
70 481
81 196
76 66
80 22
25 123
47 519
96 281
60 810
27 1009
13 780
84 388
89 762
34 461
26 256
59 571
72 148
68 221
71 35
2 247
88 846
1 323
24 872
67 175
18 470
51 898
9 578
5 449
80 202
93 153
62 219
63 977
83 750
37 709
76 458
7 840
15 299
50 619
3 740
73 804
61 952
5 410
9 938
22 820
47 743
44 572
69 671
93 303
40 697
8 156
19 942
79 409
21 108
23 363
95 796
98 8
71 818
81 203
11 250
71 846
68 970
69 929
72 917
39 1012
42 194
79 720
12 113
96 328
88 107
10 42
66 831
41 600
8 465
18 331
23 800
32 682
6 544
78 337
13 793
92 2
14 466
69 73
78 824
60 797
34 65
99 807
27 887
90 495
60 160
9 18
99 976
75 680
91 261
33 931
21 316
12 1014
98 628
63 335
96 462
44 333
95 946
84 397
32 497
7 111
32 691
28 591
6 827
38 113
55 238
3 91
98 951
12 311
46 142
21 981
100 752
74 106
57 405
18 457
81 369
35 533
43 695
99 677
65 344
97 559
58 807
49 111
65 728
49 263
38 41
55 449
33 508
34 441
88 31
81 789
79 440
85 434
30 395
70 606
70 874
16 295
68 788
81 365
27 825
95 336
50 845
52 634
81 313
74 216
40 947
88 742
