4096 4000
34 1882
60 2773
24 2291
34 4055
75 3730
81 2576
35 42
76 206
95 3754
64 3997
82 2161
53 3805
67 3153
97 1803
37 2888
90 1403
26 2257
99 3641
83 2608
91 313
21 3863
4 3304
89 1727
73 3575
96 632
63 921
84 3748
26 3670
52 3830
5 865
33 262
11 3294
94 2345
63 2968
92 2341
36 3097
28 2071
72 1916
21 1716
50 1084
31 773
93 1043
80 2634
68 3227
95 1992
71 891
17 2261
41 674
93 2927
89 1365
7 2824
1 3278
66 2668
49 498
67 2491
54 2633
63 3586
67 3686
67 195
76 393
58 2811
91 343
83 1371
88 1484
33 561
12 1372
4 3212
25 86
35 1650
7 2069
24 2164
53 3306
57 184
31 3775
6 1614
35 2563
8 1354
89 1303
8 3921
18 2925
57 1537
32 3768
44 752
81 2434
81 340
34 2444
99 1010
93 60
57 451
82 1570
33 3905
77 2392
46 2941
34 3885
93 2383
45 3149
83 2912
61 474
36 2577
7 1968
80 3312
24 1323
78 1968
38 1418
91 1119
100 387
39 3024
18 2088
40 2376
41 537
54 493
85 485
65 2409
14 2972
38 3865
19 3805
12 1158
99 3305
10 2412
75 1448
59 3614
78 361
1 515
85 312
46 229
76 3552
61 437
88 29
57 897
76 3734
73 3843
63 3745
88 377
25 4029
1 3579
100 2223
76 3213
59 1540
72 935
68 2521
19 2699
20 1884
55 1915
56 1884
60 816
57 3476
78 867
72 1465
84 1981
14 4032
99 2777
94 463
42 644
2 1525
47 3853
81 2741
64 1925
44 1494
59 2440
33 2554
83 802
6 3816
12 961
76 2911
25 2581
78 308
6 907
50 3155
75 2771
59 3129
72 531
37 887
95 2301
56 2198
84 1661
75 3898
82 2588
29 33
61 704
88 2393
97 1693
60 450
40 3469
100 54
64 90
38 575
52 858
73 3075
58 3840
52 3801
72 1830
10 3865
10 3122
98 3870
46 2745
54 3014
53 770
47 2940
26 2970
9 2285
55 2078
27 3678
72 223
52 1997
31 3831
74 1370
81 1207
7 1886
73 940
11 4058
40 3824
63 4024
81 2341
88 639
6 1764
99 176
94 1686
69 2681
76 2413
97 1874
27 2282
12 3711
57 286
100 3721
25 3158
50 812
78 2560
59 3382
24 3606
68 2017
42 2847
92 1019
44 1948
3 2343
84 183
81 2411
73 3364
21 1857
61 3525
61 777
34 1066
100 1375
25 2326
73 332
56 584
80 3109
58 443
83 3865
34 3729
76 2654
35 2232
32 2279
99 2992
87 1051
76 1519
47 910
8 3414
72 2112
55 2944
83 3478
84 694
58 2861
84 2520
98 3526
28 645
39 1967
80 3050
21 278
73 188
88 269
58 3154
58 194
31 3461
1 17
25 652
99 1740
45 1888
52 2481
100 3133
50 2463
73 3992
89 2556
9 482
81 793
21 64
81 2374
1 2238
95 1591
71 776
68 3911
31 1006
54 2771
73 2057
59 3204
58 3064
51 774
47 1903
86 1807
52 2066
40 3052
34 3660
54 1250
62 3896
17 3404
47 352
26 2001
53 675
56 153
87 1830
1 3824
74 831
26 3756
41 3831
79 1021
76 4066
16 3929
89 1305
47 1334
21 3923
33 1679
50 3858
48 1534
40 259
30 3167
68 946
22 2885
80 3395
65 413
57 4011
65 833
12 1408
97 3512
53 1747
54 3817
9 1390
43 1750
100 982
63 1587
96 873
17 3328
74 3551
56 3594
37 564
26 1882
14 1342
30 361
73 3378
29 1365
73 526
1 2601
71 2484
43 3066
37 3537
61 609
1 1213
96 2131
19 1955
80 3516
75 1537
1 2996
98 4014
17 1530
59 3133
47 227
82 3979
64 1476
42 3082
26 1735
14 1002
11 2835
66 2182
41 2881
12 2496
92 2558
28 3600
78 2813
77 718
98 2715
94 3140
70 3411
43 1673
30 1292
42 1235
14 3179
92 1272
21 354
85 2785
46 3493
32 1437
86 1119
84 3411
87 360
12 81
98 3881
80 1919
31 2146
55 3985
10 152
67 2367
3 3359
3 1151
72 2995
84 2849
87 1023
57 249
26 1128
91 1976
51 3691
100 464
59 1180
71 2574
5 1877
6 2666
21 3584
89 1263
34 479
97 2461
29 2252
73 1768
47 1401
92 1320
20 1578
39 4014
36 1255
74 551
70 2764
40 1662
68 1489
88 2572
68 1168
14 3822
70 2151
58 1022
42 3399
65 3580
11 708
15 3231
42 2
56 3457
92 3529
75 3689
24 3034
86 2740
58 1485
83 1402
52 953
79 201
59 3312
71 3408
70 4011
44 3317
95 3694
67 2908
63 1502
64 854
3 2179
18 3130
52 1700
21 1542
80 2988
39 1740
4 4069
56 2946
8 3162
65 1802
65 1052
10 3699
70 3472
46 248
49 681
38 1811
47 1547
81 3975
10 2617
64 2334
8 266
73 1351
74 1916
24 3521
58 2457
10 4058
52 2247
80 61
98 2073
53 2499
85 1410
1 1516
44 1057
34 2106
86 2813
95 1085
2 319
56 3315
98 2635
7 3215
23 3965
28 407
87 2739
95 3737
83 775
83 3468
88 2351
51 1044
68 2280
37 2985
36 3491
97 4073
53 2408
15 1946
35 1933
9 1941
89 144
83 3916
95 2814
64 3597
76 1598
96 1676
32 3854
47 3259
85 1771
3 3032
17 2120
8 877
55 2202
22 1377
95 3886
50 1839
18 1568
14 2816
61 1117
88 3873
26 1188
52 2566
33 74
60 2982
32 3875
89 3008
18 829
20 2328
70 2609
17 3068
23 2926
51 2332
49 2468
51 682
93 3366
50 2202
77 1909
31 1402
98 2399
31 3825
9 2203
80 4074
19 2523
1 1965
91 1913
4 3433
34 1746
4 1139
22 2718
96 3702
48 2277
35 2444
45 2478
37 2070
60 35
74 2956
38 437
45 1172
3 1141
96 3993
14 4072
10 3795
57 901
33 1838
71 2656
43 1510
24 3250
45 924
47 3702
65 2410
48 694
25 1877
94 105
93 4088
65 2088
93 202
91 3218
29 3784
70 737
25 3640
93 2968
61 132
49 910
88 3751
87 4048
100 154
94 3332
23 1775
44 983
87 584
6 1655
90 1037
84 686
96 797
30 2248
45 718
39 1393
90 3239
62 1905
33 2816
32 860
34 2501
7 904
64 3530
74 1946
10 859
32 803
27 279
68 2618
19 2909
94 1415
19 1888
24 380
23 1013
88 3923
85 43
39 2702
44 781
77 2723
47 1394
60 232
32 75
6 51
57 2521
32 1427
21 3437
42 863
13 1553
50 2259
1 3525
41 2297
8 2771
6 2015
76 410
61 3766
35 1212
81 4055
62 934
77 1638
62 2676
44 690
89 1809
25 3245
53 2794
87 1830
15 3491
42 1694
58 932
24 1621
81 252
58 3144
7 1190
34 2748
27 3110
85 1480
21 3352
21 3705
17 3721
9 329
23 163
26 545
74 2188
10 1723
67 1849
19 363
20 536
14 3562
65 2511
93 3847
8 2501
30 3213
8 3398
89 2820
47 1578
97 1345
44 1210
57 1297
41 30
3 2419
50 2265
54 3977
48 2191
94 428
66 1558
6 2129
66 1407
53 1717
37 4066
49 3731
91 3589
55 3286
18 2867
55 3
80 3505
65 677
82 1106
49 377
89 3998
45 3902
83 982
78 1420
37 3179
20 3097
24 3576
7 598
12 3709
99 3770
23 273
40 1278
14 2096
82 1355
26 2510
75 2402
27 2535
19 3869
69 44
56 1809
30 231
29 2273
95 3539
66 2778
47 2657
87 1533
69 2126
74 2610
82 667
28 3327
88 1599
72 1490
73 3838
74 3553
89 2453
97 3007
55 2073
71 2393
11 4053
7 569
53 3525
29 1445
23 814
7 1680
8 3922
62 559
88 2541
12 1461
78 3309
53 2066
65 2182
36 252
26 2159
20 1673
47 3718
97 631
75 246
23 605
79 2033
52 2539
67 3193
85 3282
49 1049
66 3918
85 1563
95 1926
72 2863
21 3901
41 724
37 3039
22 3718
41 3492
59 1647
92 925
96 2283
27 1442
7 2464
67 3015
12 1273
84 3772
55 626
45 2482
12 3777
74 316
9 3763
94 750
44 2926
25 3250
49 144
90 60
10 3541
57 3804
32 2127
74 1323
59 1461
38 2137
38 2599
38 1478
51 2808
5 2683
22 1051
92 1761
32 3576
70 356
35 991
79 2048
79 1915
63 2342
10 380
4 3344
48 566
33 3926
28 1906
87 1346
33 3099
41 3090
89 3364
22 4029
52 1667
56 2466
54 703
34 3092
21 2172
94 2562
88 905
2 295
90 3194
72 537
3 1430
47 1620
1 1815
93 485
22 1367
13 3925
57 705
15 1594
55 2712
94 4023
47 1927
9 3338
87 202
21 205
43 3756
45 301
50 2623
84 1522
81 2533
90 1423
43 2423
79 2835
75 3545
13 437
92 922
7 2947
48 2851
24 1582
24 1724
10 2350
88 2527
15 2473
97 474
38 1394
26 1903
84 2808
85 4066
71 3355
7 1879
91 1578
92 58
40 1551
64 2616
24 1864
11 822
5 1626
40 2767
86 304
17 3995
65 2150
54 416
62 2030
14 2408
1 3900
66 983
69 2989
40 1809
99 3948
28 3574
91 570
7 1831
88 3646
66 2197
34 3742
100 1550
27 3897
50 2656
94 2351
71 3118
34 1156
85 3534
48 1044
14 490
79 1573
20 2609
31 266
68 242
24 845
94 3765
18 437
58 2284
97 3183
84 2067
73 1810
36 3590
94 1092
12 3013
48 177
87 3030
70 3470
47 3892
83 1886
69 3550
98 2474
66 3219
7 340
62 3147
34 2249
45 863
51 2205
64 2928
52 3383
36 1335
52 1250
77 1213
31 1811
72 262
88 1044
71 2329
5 2933
55 2331
12 2856
66 2697
61 2498
3 971
42 3915
58 3902
93 1645
96 2664
67 1408
16 3517
98 787
62 2817
30 3493
25 1251
21 2499
45 1504
95 866
80 2267
72 3663
69 3969
1 3038
62 2585
70 818
89 3480
33 932
33 1347
95 2582
67 3548
78 1116
62 210
22 187
33 776
20 1817
74 319
47 2182
8 767
71 3965
91 1709
78 407
28 2911
87 3992
41 3057
6 227
8 359
2 3210
85 860
28 2281
91 351
81 581
90 1383
10 861
25 3885
17 1404
25 1415
46 2588
5 3148
64 389
64 865
7 520
3 1957
93 1791
32 3028
8 354
70 4072
38 4047
19 3696
7 3507
32 1540
10 884
70 2624
59 3182
39 1858
74 3783
90 88
78 3945
88 3934
83 763
45 1614
45 2146
30 2050
25 2948
33 2907
42 1036
58 3172
71 3303
59 1294
4 3373
51 1861
55 1777
9 3264
89 3992
5 3263
19 1869
13 1775
15 2370
96 2015
93 1377
73 3578
44 1175
37 235
61 255
96 2769
48 582
97 2590
42 2481
86 3982
5 762
5 3035
91 3929
89 2549
62 440
47 3422
64 1291
39 132
53 1460
26 2846
26 1893
34 1245
70 2050
27 736
87 1496
45 2811
53 3769
17 791
17 2461
51 1706
92 3805
83 620
68 3934
67 3464
53 1116
85 3010
64 3730
3 1385
48 3993
48 2118
40 2741
76 3648
41 2580
39 1918
100 3681
87 3843
86 558
98 293
95 1116
24 1691
55 1873
76 1142
78 762
55 3189
6 550
62 2049
94 2041
41 1607
32 1943
96 1467
19 3050
74 820
3 1579
60 4001
87 772
47 829
44 2199
63 53
100 401
98 3618
18 355
54 144
48 3170
50 2919
24 1177
14 2543
78 1503
2 3737
9 378
81 1679
45 1140
88 3792
50 382
60 2201
66 2989
58 1731
20 3292
98 1643
57 3623
49 3381
95 754
27 833
48 1092
5 1241
41 17
3 2617
64 1330
76 397
91 2060
66 2492
48 223
95 199
86 2000
85 1783
43 2306
75 2229
47 2893
61 1219
32 3533
55 1357
54 1281
9 609
99 2189
86 225
24 3603
1 1103
77 2843
38 3243
90 3142
57 2272
7 1995
21 314
35 3465
52 678
2 3990
38 2355
62 1911
75 3784
83 3968
5 154
14 2629
28 3203
3 2557
5 2120
91 3277
28 2953
43 700
54 1965
32 701
42 2969
10 580
39 1768
78 94
35 2492
77 1367
69 3439
99 3900
85 1273
13 797
97 3963
1 3688
51 1151
23 1989
71 358
9 1660
91 3283
43 457
94 632
46 2408
35 515
71 1671
17 3673
51 2401
22 3835
41 146
69 3173
93 2423
87 27
27 3341
72 3004
20 3710
58 3143
95 3143
86 620
78 2801
14 1132
75 990
69 1849
34 1558
91 2490
11 1191
18 1439
82 1792
69 3928
12 1848
95 1940
58 928
98 1532
2 663
91 1428
7 3285
31 3838
90 3267
10 3568
92 3177
49 2430
63 3527
56 3884
74 1236
4 2258
20 2454
21 449
2 1086
28 3355
4 34
34 1115
78 3245
96 3496
19 2445
91 3143
61 831
64 1796
9 1248
19 1483
47 1202
20 1470
72 3840
42 2941
61 3897
27 2576
91 2885
30 3152
29 449
35 351
34 1421
9 322
68 873
21 2512
96 3700
62 506
13 3637
60 364
24 3893
60 112
22 1407
4 3528
51 2281
83 2227
10 1038
29 1527
46 1974
92 613
14 3965
45 869
52 3022
2 276
39 3349
4 1846
62 3943
2 2743
53 549
50 1447
37 660
85 1462
53 2154
44 59
3 740
15 2876
48 3795
76 79
17 1021
18 1187
38 993
20 3419
88 893
37 2092
25 142
95 174
69 3115
63 2498
44 527
72 1202
46 3226
13 1873
97 3724
95 1549
65 2304
71 922
37 1670
4 40
63 2308
15 4003
77 1573
52 3249
92 1715
66 1763
77 109
81 3506
75 2945
66 2163
33 3232
87 3221
27 2349
2 639
98 289
38 2484
48 2809
51 948
65 2470
20 876
20 1750
43 2328
26 1507
69 1096
19 3018
74 2927
49 2872
51 3592
20 2096
90 1046
12 812
33 883
84 1823
34 3904
37 1930
8 284
43 3322
56 1440
24 252
20 1086
14 1697
45 1326
57 1967
89 1596
51 955
49 2350
10 2074
21 1289
64 966
44 4092
11 1779
12 2477
100 2891
21 1735
94 2356
69 2315
36 2737
73 428
11 365
72 573
43 568
75 3084
53 2059
96 2441
52 1372
20 1823
42 2715
67 58
1 23
68 555
78 516
5 2334
100 2413
57 3859
42 688
23 4096
52 3257
36 3896
43 3359
72 147
22 580
9 3784
26 2171
57 707
14 1536
25 475
64 33
8 1207
58 1473
77 1127
96 1304
82 3415
48 113
3 1683
52 1358
89 9
69 3797
40 1135
23 3536
25 4064
24 3101
31 3027
29 3250
1 1482
6 1106
36 2786
29 3734
100 2872
90 1222
70 3221
28 2286
18 420
6 2925
46 3857
57 3394
68 3340
22 170
18 1435
40 2406
88 4045
99 1428
46 1823
97 742
7 814
99 1056
79 446
86 3168
78 1231
56 2419
23 264
97 719
91 18
40 1776
72 211
30 272
24 3596
87 2893
7 2763
70 1921
20 1501
40 3514
98 2221
97 2811
68 485
54 346
64 2850
32 255
71 1952
66 223
2 2115
54 2321
75 2192
50 2937
26 655
93 337
39 3736
95 5
9 2339
15 1216
43 3948
65 3571
21 2625
17 1472
20 1758
86 2641
81 2187
50 1391
82 1983
87 1139
69 991
51 696
62 1229
96 2490
36 3514
45 2294
82 1170
40 1970
10 1496
45 177
94 1038
53 3030
20 3682
80 3505
52 554
59 109
96 2022
28 2173
6 1503
27 2721
88 175
75 189
36 2686
23 1041
74 1503
25 3339
1 4034
92 1668
31 2595
25 1091
88 1623
3 595
96 2002
91 2798
56 3333
46 327
92 2340
64 755
38 2674
24 1015
56 3012
81 2620
77 2528
28 2472
46 1268
90 77
86 664
19 2438
25 3437
87 2072
78 2560
74 2085
56 2913
47 1733
74 538
59 1570
70 3003
37 2402
14 284
5 2459
67 242
43 345
89 3205
38 3569
21 3920
44 1122
7 3942
70 3186
6 1949
58 152
90 3568
13 1939
6 1813
9 3907
65 1021
29 3647
59 707
87 2167
35 2676
60 2360
99 3183
9 786
72 2591
71 1690
99 697
13 2928
96 3561
51 2642
77 1015
24 3373
23 625
76 3297
27 2818
80 1146
38 3007
73 3896
93 2889
45 1025
11 460
98 1825
44 458
53 1323
90 1427
96 1198
13 2320
11 379
76 3398
16 178
51 947
19 3516
85 731
28 1949
24 3900
97 906
87 1590
99 1418
59 3387
25 1968
53 2608
66 3157
95 3640
51 3774
65 3114
76 963
64 1178
7 3916
37 3698
81 1432
9 645
49 3764
75 971
81 185
49 3825
81 977
81 1222
69 3167
25 3572
45 3705
89 2700
7 2553
17 953
4 1689
2 44
68 4055
61 1361
10 2923
15 710
19 2592
99 1163
68 2775
100 3605
53 3148
60 593
64 1572
72 3327
4 3073
39 2400
93 737
91 3785
3 3131
29 320
89 3379
5 968
10 1467
10 1346
85 418
18 1990
85 3933
38 2225
28 1778
75 1436
50 1637
91 1418
53 2181
54 3067
84 2154
70 3172
29 319
83 3310
33 2173
71 1930
6 1412
7 2058
68 2404
94 2656
5 1640
31 838
33 3829
48 1553
53 3361
44 3128
39 3909
12 2855
43 2246
8 1916
42 2627
93 2911
70 3667
93 1190
46 1058
37 2059
6 3839
56 1878
39 1055
74 1387
8 3953
79 1738
34 2622
16 3896
87 2563
3 1093
5 1463
79 1035
97 779
64 3007
57 1972
45 438
18 3864
51 1188
7 1648
46 1142
45 2992
63 1174
17 3374
57 2288
4 2688
84 2933
10 3286
35 1087
85 2094
53 1805
49 965
6 1682
100 460
21 1554
31 1346
23 3611
94 1477
4 1758
66 1661
65 2594
24 3328
82 305
62 1300
43 2486
65 1387
38 3361
43 2435
82 3083
50 3814
100 904
71 3235
59 1304
59 1106
26 1369
26 3010
46 3017
90 1295
86 663
94 616
48 1890
75 3341
74 257
31 2099
59 476
60 3879
15 2878
33 1797
46 3631
87 3147
15 1572
12 768
65 205
38 3814
3 559
29 4014
92 2335
90 3601
72 840
23 1834
55 3418
92 2694
64 536
42 2285
15 3296
35 973
92 3394
45 1264
99 3802
57 369
17 1313
7 2712
40 3544
77 2143
20 3819
44 1602
85 1496
43 1244
59 593
12 2101
64 766
58 563
91 718
10 3661
35 2806
46 687
3 220
63 3670
99 1519
56 4050
41 1595
92 285
86 1754
76 1025
70 959
21 2138
32 2102
88 1787
31 430
15 3242
15 1284
20 3257
11 3230
10 1170
24 449
79 1893
16 2678
41 1037
56 3705
49 2681
3 1090
58 2291
51 3422
9 1914
95 1331
3 2989
35 890
78 21
56 883
58 675
56 2313
95 3375
58 648
75 1229
4 2376
38 822
45 535
92 2559
44 3092
80 3710
27 1434
51 2941
56 656
9 2347
18 55
93 2869
7 1492
99 3260
75 2462
29 2394
49 206
35 109
64 2231
91 600
30 3043
97 1552
4 2815
68 2703
26 3357
21 912
99 3974
72 1681
53 1831
20 3507
48 1236
8 936
17 922
92 2181
20 3710
40 282
4 2992
57 3036
35 2229
66 1084
57 2595
59 803
4 1679
11 3840
5 3326
86 3704
82 957
99 1906
86 1586
30 934
71 2769
7 3855
9 3047
34 3375
91 339
54 2667
41 2357
1 1308
47 1855
3 3447
45 204
2 1550
32 3596
27 3038
41 3445
75 2283
29 1089
89 3781
47 738
31 1218
25 3421
36 4009
1 3257
61 1619
51 2271
49 2099
3 4022
24 3634
53 3007
3 509
63 2449
7 375
9 736
80 3576
21 3118
45 2549
98 484
14 26
20 3682
48 659
40 2612
17 234
97 2309
28 1961
47 2346
45 3573
59 1164
51 139
51 4006
26 3371
44 314
72 1373
54 189
43 441
62 3042
43 1629
38 3856
95 4094
56 1634
87 3286
3 331
62 581
34 2612
32 3392
46 337
7 1453
31 394
33 1448
66 127
56 355
65 2987
79 630
14 3845
87 717
98 2585
22 1265
56 2667
13 313
46 2564
73 3703
53 2275
31 3551
60 3884
18 3249
38 2789
3 3082
27 1489
7 328
58 242
60 2619
70 949
7 1645
67 1632
14 701
67 1566
55 2999
20 1366
5 2411
1 3354
55 1066
99 1069
96 3725
41 3762
17 3794
99 1000
5 2733
13 2103
97 1467
34 2238
43 3833
99 2474
23 3546
87 1092
48 895
1 3422
76 2395
62 2011
76 2951
77 1980
52 1583
71 868
47 831
71 500
14 2608
5 368
8 2444
5 983
25 2583
10 3753
29 2422
30 1341
61 3472
79 2744
94 931
79 877
82 3605
53 2732
36 619
75 2637
78 1872
56 1474
87 1749
68 2111
55 433
39 3712
38 749
92 3574
12 210
85 2449
77 2847
53 3654
16 973
41 2695
31 1424
51 721
47 142
46 3513
70 553
99 2125
41 3294
12 3838
58 2695
80 69
24 1440
77 4044
31 1745
61 2546
86 1794
100 212
69 2378
76 2415
59 3125
51 313
37 3357
57 565
90 80
59 2499
70 3622
19 1581
53 987
97 1155
76 1033
80 1353
10 747
80 1946
80 2496
96 1547
80 2094
19 1105
99 199
97 3908
42 1975
87 3051
92 781
59 2465
52 2063
79 403
64 3223
91 1825
41 3318
55 2997
77 4034
11 3241
48 2305
25 3386
55 1917
33 2780
76 1411
10 1295
28 2268
15 3959
75 3282
57 3330
56 2019
14 2280
68 732
68 2957
22 1626
1 2701
58 2349
66 2336
97 1090
59 4060
21 2752
43 596
40 921
30 1158
54 722
55 2513
36 1448
9 3979
40 1876
99 2849
6 843
81 3335
27 3442
75 3360
99 2593
47 2935
5 485
70 2172
50 3987
9 1511
36 3719
68 3351
34 624
74 3249
55 1976
37 1904
75 3453
27 1913
66 2717
24 3233
37 403
35 2461
63 1505
36 2292
55 3864
71 2007
58 3730
61 460
65 398
68 2755
10 1613
83 1096
73 1705
84 3767
61 88
55 1537
34 877
90 1376
97 437
12 3776
21 3374
42 3690
19 2946
73 3263
40 3761
5 1621
49 2483
84 2245
47 1627
63 415
78 721
60 2203
10 1853
59 3978
25 3150
9 2493
3 1246
79 1337
8 2139
59 3439
95 2423
47 3079
54 3678
16 900
48 3142
63 2922
47 3266
88 1364
22 510
65 3310
19 806
95 1989
79 3793
97 2146
75 3827
32 3638
70 2450
16 2963
11 3847
26 3239
61 1080
88 2659
61 3091
66 1270
25 1170
32 3163
59 2190
68 4026
2 284
23 3720
71 3563
49 2168
36 1785
66 3947
47 799
57 331
31 1056
65 2127
70 2914
25 3650
16 3880
89 1962
33 3772
11 3858
71 3966
61 4069
40 2646
84 1251
26 3173
73 1868
40 93
31 1754
76 1091
12 1198
29 3180
43 3992
43 3467
69 839
90 3748
60 3101
65 4081
5 2952
34 1117
82 2963
37 1207
34 68
39 2932
49 2447
11 1605
64 3931
48 298
86 3651
41 1586
69 2810
37 993
46 757
5 791
8 3606
43 3814
100 2099
96 3205
59 2222
49 3987
100 1967
19 119
1 2183
73 1530
61 85
95 2129
46 256
61 612
36 1
46 624
54 3308
85 1981
18 1264
90 3476
17 3130
35 4057
48 765
83 2800
75 495
89 587
71 3347
68 3473
18 1740
12 518
97 1389
49 1250
96 1481
7 1909
16 224
41 2132
85 559
52 256
83 2171
35 174
93 3287
44 3244
9 3475
84 2043
43 2607
84 2859
3 3700
92 498
68 3242
62 3827
97 3694
18 2721
80 3954
16 1479
8 1934
72 596
76 2411
67 3661
30 2362
15 2908
96 70
66 770
81 1681
99 756
7 3673
82 195
14 2347
88 3426
20 1795
8 135
5 2459
31 756
45 473
16 2562
51 1926
49 3706
79 3042
48 1667
23 1646
6 1453
58 2907
35 396
38 466
65 3361
77 532
88 1893
2 130
12 3762
18 2968
24 3436
61 3600
18 2792
90 3425
50 3172
14 2784
44 2196
46 2174
95 2751
52 2315
92 804
34 1415
60 1739
100 1247
32 2145
2 3631
41 915
31 434
6 1584
78 4067
83 735
14 1186
14 252
55 1424
94 1902
70 921
85 2487
19 1304
89 3878
19 1533
39 2668
79 3411
34 105
40 3191
80 3605
46 2346
59 1819
39 3173
22 2794
84 976
3 142
4 3304
8 135
35 2757
92 3061
21 1842
73 1259
12 1118
12 903
49 3051
67 3374
5 654
56 735
50 3166
92 229
45 31
38 1940
34 2998
70 3844
94 1990
21 1850
95 345
16 891
2 375
57 1674
70 2204
95 630
53 2047
72 2586
80 796
86 1160
10 3184
71 63
73 1077
62 3742
6 2618
83 2800
78 506
58 328
77 1387
33 210
94 2952
23 2350
82 2202
99 2017
9 3652
84 3822
11 2178
12 727
50 3694
100 2223
7 1866
59 1081
32 520
68 3252
34 3408
57 1399
31 203
72 3164
76 490
72 1305
58 163
54 2784
65 818
51 1498
91 3882
73 2629
84 551
37 4023
98 1020
26 2976
8 2542
10 2594
64 4026
50 1051
55 2745
75 464
80 3385
32 1152
46 2662
9 520
35 2273
36 2
63 2761
36 3893
80 3105
44 15
46 3049
25 197
38 174
52 3397
46 3602
8 1729
58 3011
72 2995
24 1433
42 4023
13 2566
28 2432
54 3952
88 913
28 903
20 414
35 3536
86 2833
21 1857
69 2530
15 1896
95 156
19 3042
27 2386
98 2568
52 4083
49 2240
90 2266
47 549
87 958
59 10
99 1305
53 1981
69 3157
73 2173
90 1103
17 1752
11 783
50 313
28 1075
56 1384
61 3917
63 3478
10 1621
78 1168
86 1380
53 3949
81 625
73 2725
29 1573
90 1275
84 774
2 3934
92 3723
82 627
54 3029
54 1762
45 1536
16 839
28 1073
50 1638
81 3183
50 1041
59 3322
61 3492
18 470
58 3473
55 3695
46 2798
66 3459
21 4023
16 1338
84 1144
90 2831
66 1933
96 3988
82 2260
22 963
36 2784
56 2968
19 986
98 2848
78 584
87 3672
2 1672
2 2710
22 1329
47 3285
81 2824
8 358
57 1827
65 134
78 3322
73 3289
18 1284
64 92
5 1501
64 2631
65 1290
10 1370
5 1143
91 462
32 4029
82 848
25 1669
13 3417
43 1454
70 3484
15 550
88 2688
74 740
20 6
12 1623
12 228
36 745
97 1776
36 1579
17 263
24 1886
82 172
91 2314
80 2953
23 3041
57 350
95 920
21 1328
47 1720
97 3899
26 3969
90 2157
33 1627
52 2504
73 2072
86 620
70 3875
99 3416
65 282
96 1763
31 516
28 2817
100 1053
96 3094
44 1380
8 2018
4 2926
82 1869
36 4010
56 3660
57 3042
60 1846
12 974
89 816
88 3437
67 482
88 594
46 1291
98 3345
85 322
84 3184
63 1880
41 2416
76 2468
33 4023
36 218
76 2215
67 1692
4 3228
15 347
92 989
60 2423
79 29
70 3228
97 4002
69 4001
49 1791
72 1006
79 1435
17 2439
81 1408
52 233
50 623
44 2714
26 334
96 2321
43 3888
99 2905
16 264
48 3193
25 1489
97 3258
51 784
67 3389
66 3639
44 3578
91 291
54 476
65 1637
97 666
59 2153
10 3293
4 3633
73 1763
80 40
31 4065
40 3955
82 711
98 3392
23 2859
34 1734
13 3884
13 2054
68 2937
67 3452
71 1565
8 2492
77 3451
92 2861
30 1828
20 1976
80 332
43 925
2 2476
12 1044
55 3153
42 3579
21 706
84 3204
82 1130
3 3148
26 4067
36 3454
73 3571
2 442
98 1022
18 3097
81 156
41 2394
99 144
57 3869
49 2118
19 2141
3 791
60 2369
4 3806
40 518
24 2963
31 3101
2 2093
2 3739
6 1863
80 370
78 2664
71 553
76 2103
81 2008
77 3676
96 2947
54 1299
15 2289
68 2639
38 688
29 2681
92 3942
5 3233
33 3790
64 2228
99 3017
35 2825
21 3602
47 3894
85 955
53 1564
54 3842
86 1024
66 3870
22 744
49 1071
76 152
84 4
84 404
41 287
79 3855
92 3426
11 2776
75 3413
65 348
32 1949
91 77
78 677
4 3728
34 666
51 910
80 3798
73 2651
57 348
31 3497
7 1589
39 3938
78 1741
61 3849
57 1094
64 1328
46 2010
28 640
34 2504
19 3135
9 645
52 808
46 1008
54 50
36 2416
2 1990
49 2704
91 826
92 351
30 1404
80 677
40 390
51 39
1 1276
50 1299
55 1614
39 262
49 2288
34 1783
37 2625
90 1786
62 10
81 2348
68 740
58 1413
71 46
42 778
67 680
81 1463
75 3358
37 2269
92 607
39 3296
10 3800
46 1134
44 1084
87 2845
29 3311
60 1928
90 3793
93 2096
6 1334
74 176
25 3690
90 3967
87 302
32 3826
4 574
22 3801
45 4007
62 2604
58 3756
44 2087
18 2447
82 2923
23 3258
19 1885
59 3796
4 2507
1 3698
86 2243
71 421
69 811
90 902
39 1270
60 1353
73 1806
52 1128
8 3982
22 3809
76 1620
67 3730
24 3465
41 1468
12 2721
73 157
32 971
17 2840
21 1570
41 2296
43 456
64 2615
73 563
34 2056
36 3219
21 3256
98 643
61 150
11 2222
53 1886
94 2685
22 1713
71 2618
76 1340
99 100
7 2929
72 3186
59 2816
88 1092
24 100
98 2544
39 956
30 2147
21 3196
52 2721
18 1118
1 3027
74 867
81 3286
18 1639
69 1744
72 3940
97 1918
36 485
74 3435
12 3223
54 3938
70 971
100 1186
26 2260
66 1055
1 1118
34 2110
41 1534
27 94
44 588
34 3643
87 2670
49 3090
18 378
32 3737
96 213
30 3682
19 1470
7 1253
85 581
91 3009
90 2292
10 3682
41 2321
40 2901
84 1517
51 3338
54 3911
92 3244
24 663
52 3792
60 2366
37 2058
15 51
78 3467
19 1521
83 2329
96 3400
90 3541
32 1593
73 435
5 695
85 3199
26 2008
34 701
2 1133
72 3545
70 3772
43 3236
7 720
82 357
92 888
37 1956
12 503
76 1815
59 3744
58 1108
74 1926
74 851
73 2555
4 2506
43 1947
39 3089
39 3461
96 1349
4 738
21 2324
97 294
35 1816
36 1582
51 2890
9 1784
9 1570
53 110
37 3545
40 3972
50 2255
66 3908
95 3444
20 3474
100 3356
71 2401
71 1740
82 1765
27 3489
66 3089
14 478
36 2183
11 388
56 371
12 860
38 1790
30 2068
1 264
11 777
65 2111
48 3852
35 1618
7 3108
26 953
88 2631
10 685
68 721
27 1058
85 1063
77 944
82 1674
61 939
69 238
86 1060
86 842
42 1049
89 3584
2 2091
47 1951
80 998
21 2989
86 3592
89 453
69 721
99 1981
73 3436
63 301
90 3299
50 1479
62 1551
28 3431
19 2917
82 1168
15 1416
50 3954
13 3602
86 4095
61 2459
63 3650
51 1965
78 747
92 1092
12 1581
71 1585
59 556
96 1282
87 1638
54 2808
38 1013
48 1827
66 2540
61 3716
10 333
30 2988
2 1160
36 1420
55 2159
19 2954
63 2805
26 2701
73 3577
11 3251
39 4084
82 3924
36 2089
66 1870
93 2986
5 3070
47 3566
78 3204
13 2817
27 2535
44 3038
84 522
86 1834
79 1010
86 3109
72 2432
4 2126
3 4096
86 3913
93 650
94 3357
80 2024
30 1585
40 3454
21 1658
13 1184
15 3284
22 2345
9 832
14 2335
92 3518
22 2939
91 2929
38 1664
93 710
6 1450
26 1937
30 2795
45 509
49 3825
90 4045
33 2765
8 2618
9 157
57 270
15 3292
59 3160
46 1237
60 976
29 640
13 1118
42 1655
22 1467
97 2478
95 2505
82 44
57 3118
40 1589
19 3820
33 991
22 139
26 3780
34 2320
33 1194
7 3821
49 883
98 3922
61 3895
64 2890
84 3266
54 385
94 3751
83 2021
27 1045
85 2987
80 1738
9 2221
89 2326
28 2341
87 3738
37 1256
57 2906
77 3061
52 2373
26 883
50 3152
4 755
42 674
80 4048
90 424
30 3753
73 1966
26 3581
79 2321
86 3714
91 3890
1 2487
8 1953
15 1307
69 3305
98 1771
24 3457
13 1069
90 1204
84 1751
59 3957
100 3787
50 3285
44 2020
81 1001
45 3471
2 2509
69 3493
26 3312
20 594
28 2893
64 783
73 793
67 2286
72 2870
44 3623
66 1347
13 459
71 2488
46 2044
36 19
26 186
91 3279
46 2892
82 285
10 917
37 1753
63 1333
1 3549
74 445
34 3558
55 955
64 3283
17 1343
75 3890
90 1066
56 707
47 2339
13 833
14 2382
13 523
58 198
48 900
10 724
52 1052
72 2673
5 1138
83 1320
97 943
6 1999
13 1951
32 548
14 219
18 2546
75 4020
76 2167
6 33
36 2721
5 3894
53 1284
81 516
93 1361
54 3487
4 1978
26 1246
24 1070
8 2943
61 1757
33 407
51 115
62 1038
46 775
10 549
20 2002
78 2844
22 1194
99 3146
46 916
40 1138
53 2869
63 2772
6 1482
83 1459
43 683
49 3445
74 2194
18 3079
28 1455
51 2367
93 3973
22 2646
90 377
79 3624
24 134
89 89
87 3047
4 2844
24 382
62 3670
53 2070
58 1862
19 3403
48 3135
54 374
97 122
30 2519
11 1320
39 365
59 90
10 1511
90 3500
1 3038
40 892
83 2453
42 387
63 3483
16 593
26 3091
79 3551
13 1036
76 3714
46 2342
13 2352
30 1783
97 3203
21 2619
39 3753
36 758
97 882
82 1014
57 3636
88 3516
77 3189
87 3859
95 1879
34 2218
92 255
59 2433
14 3168
27 951
31 3412
53 785
20 1032
50 3616
57 655
57 3181
27 933
37 327
9 1015
61 2668
21 887
25 292
25 1252
68 3747
27 2843
5 2597
94 73
29 1129
96 826
33 3016
9 1181
17 1675
85 605
89 2138
75 2089
1 415
47 1497
10 20
12 3430
14 3071
28 270
99 237
78 856
37 1445
57 2013
76 3161
10 2464
3 1210
96 2739
39 590
44 4055
20 3706
68 1710
13 107
11 3394
21 3218
99 652
62 4004
51 722
100 3187
19 1716
24 1832
19 2990
25 3151
69 2292
36 2364
6 648
53 3705
37 1602
4 3399
47 2892
40 466
95 1877
21 953
50 1725
4 1236
48 2295
51 3522
4 2012
32 2820
91 2220
87 2456
27 3060
21 1127
9 1780
65 1463
99 2948
52 22
56 2301
90 3325
97 1017
77 3368
71 3531
13 403
54 1273
50 1652
16 213
92 2262
80 2076
8 3836
87 3816
46 333
27 3130
30 3394
22 1328
90 1262
64 3086
65 1559
97 3325
13 3966
73 1086
98 3992
50 1533
33 473
52 1448
68 3366
15 1414
74 3833
63 4052
26 1780
75 1656
5 3626
85 3573
76 3165
97 3048
83 3302
54 460
61 1335
20 1258
84 1503
85 2019
12 3872
68 373
92 3878
88 2642
17 1610
85 505
52 845
41 2227
50 2782
67 2948
11 1216
15 1087
74 1302
64 261
8 953
64 3575
100 1615
55 239
17 179
8 2957
56 3080
6 2927
61 3442
86 3838
39 2236
97 17
75 1999
72 1904
48 3447
61 2007
35 348
25 1030
58 1335
77 3358
25 52
59 3301
28 1584
39 2960
65 3188
1 3056
79 1293
52 681
59 79
57 2494
62 653
12 3828
92 1888
34 2961
18 2030
27 639
93 345
75 1116
52 1973
11 2856
41 2679
19 2391
59 791
76 3165
97 1560
26 298
100 1965
6 3211
28 791
43 2978
48 201
92 804
5 3458
64 2472
82 1898
72 2398
89 3046
93 355
64 3764
20 609
3 985
70 3438
86 935
96 2705
65 530
10 448
11 1105
56 1275
66 3171
75 1800
48 882
21 1452
39 793
35 3667
36 1230
15 1686
50 1084
43 1067
63 3578
48 3743
80 1261
91 742
10 1346
56 2831
20 1666
26 1391
79 635
55 2378
63 553
72 1887
94 2126
40 3995
73 503
30 1131
24 641
62 4091
37 872
44 170
1 2752
73 2636
33 3534
90 2868
96 2772
29 1499
84 3096
9 1009
37 2860
24 237
34 1873
44 3346
33 2145
60 317
60 4076
67 1136
55 3487
83 3051
88 3700
98 2996
68 2970
46 1603
77 3782
80 3093
5 3519
26 1811
59 601
96 3807
25 303
63 1664
10 513
95 3012
71 2473
55 2827
52 3788
46 355
82 2123
22 534
96 473
27 256
7 2860
90 1189
20 3125
59 2108
44 925
31 3709
2 2473
21 1340
5 495
34 2924
30 1795
27 2847
21 1140
25 1628
100 2911
20 1506
2 3949
22 1037
98 3592
68 2309
52 2818
45 1857
74 449
29 2042
43 3266
37 1129
93 51
87 785
62 3259
85 2801
61 200
18 3746
16 2903
34 3029
70 3829
5 2818
50 3162
26 3743
66 3774
56 457
68 2557
81 3908
7 1463
76 3797
30 3008
29 2698
67 2711
4 3259
89 3033
47 3915
42 3432
32 1219
1 3213
18 2010
15 2553
74 1738
17 4050
93 3620
25 2144
44 2042
32 1724
95 166
22 2990
32 1855
87 1519
21 596
82 212
22 3350
12 2679
51 2218
16 3729
59 2148
34 1407
59 1002
23 894
63 510
26 3686
3 2955
59 3
61 409
17 2385
76 2374
36 2818
83 1924
40 2889
25 2535
61 4000
39 2107
86 2257
4 764
51 2055
65 1672
80 1948
26 126
6 1243
35 3470
19 1538
23 2127
59 3373
54 1659
41 4094
5 590
65 683
100 1211
92 1707
62 1994
25 3247
21 1308
98 98
42 3047
32 1968
76 871
85 70
9 3764
54 2950
94 1510
43 1422
99 2848
93 698
62 948
5 1935
29 2069
53 2509
33 2182
46 714
4 3946
49 3551
32 2089
28 3716
80 2965
5 3081
79 1419
23 2477
58 2511
27 131
2 1483
46 2302
11 3150
82 2831
52 3319
68 2367
8 2128
86 3887
53 1345
82 1876
46 1978
57 592
85 1267
52 3566
97 2146
65 3138
12 1666
31 3083
11 2056
69 1954
42 1265
21 350
4 2046
40 3512
70 3646
92 3603
59 2152
90 827
30 3166
89 3098
75 3993
27 747
14 3481
13 2280
24 1549
42 2717
17 362
66 2109
19 3206
80 1700
31 2815
55 185
22 1304
84 191
41 1308
80 1588
76 1330
54 2765
18 2066
68 2153
98 1085
58 2331
70 3839
39 3852
32 1866
28 1606
93 2662
51 1454
29 2802
17 242
9 836
85 1216
58 66
24 2879
7 831
20 1648
52 1709
70 3361
3 224
61 303
78 476
96 2674
73 3698
35 3005
83 1675
70 2415
51 978
26 580
43 3513
86 3173
44 297
53 2163
33 606
19 3456
82 447
70 2919
70 1569
80 4058
15 1526
43 3573
17 2116
92 1615
18 1425
78 40
22 1555
61 1089
20 3937
11 3856
38 581
39 1275
12 2876
81 1949
29 1592
75 1519
26 781
43 2222
80 2886
12 1893
3 1933
9 1056
55 1049
40 1242
37 1298
30 1334
82 120
97 2905
32 2705
26 3344
89 2668
2 3318
68 1760
55 2247
30 1182
96 764
6 1976
7 2504
24 3962
38 3912
51 651
37 3040
38 3757
77 3765
62 2606
28 2566
5 3777
15 528
77 3229
18 1990
38 2817
89 3427
68 475
6 3719
44 1483
54 1502
61 587
77 2903
27 2293
19 2612
58 1487
41 1978
79 2867
85 2607
75 1183
12 2312
19 3252
58 599
98 3476
81 4065
58 3755
38 2995
29 1915
73 491
71 275
47 913
41 87
94 2928
94 1299
78 856
85 1938
84 2383
93 713
41 723
56 3202
83 954
60 2161
88 3104
39 1652
46 89
2 2600
93 3687
31 3891
18 1544
17 3955
43 3573
36 1470
55 2889
19 744
71 2274
21 205
91 2708
77 3078
71 2343
89 1212
28 2559
60 3432
37 2402
58 570
17 222
100 2247
78 2224
37 1557
68 1803
32 530
32 2148
94 3207
35 3099
52 2473
89 2821
72 3776
35 3399
88 3431
24 2241
76 1552
23 331
51 2160
66 3419
88 3569
97 1919
74 1104
74 736
2 728
42 2402
64 1082
98 2788
50 2408
70 3873
54 3794
33 1645
37 383
59 951
11 433
29 2162
9 1397
21 4003
5 4050
6 2714
6 379
63 3881
80 2144
8 2221
43 566
17 2196
75 4014
28 1511
60 1719
50 2842
11 2734
20 2055
55 892
57 2535
37 2602
68 1526
12 2171
15 344
42 3882
72 673
51 465
32 613
42 2612
88 681
46 489
23 2384
66 334
78 3256
85 2303
82 2069
48 2846
19 3788
32 809
3 1137
6 2598
9 945
66 581
33 3443
52 3680
60 3425
8 3550
56 3294
27 2053
97 1011
71 51
87 1067
28 2577
30 3815
89 792
83 3979
9 2664
3 2355
84 2383
33 2339
7 1728
35 2038
77 3378
91 967
26 3688
