1024 1500
68 746
39 565
61 13
14 95
39 946
77 873
78 46
13 590
25 422
51 134
56 470
8 415
38 114
34 917
13 853
86 829
46 708
69 586
68 18
16 111
83 768
11 868
86 323
13 242
40 999
36 916
69 31
42 290
68 311
54 877
11 775
65 712
67 25
62 154
14 953
92 1004
21 222
60 486
29 256
19 264
39 78
15 675
48 460
16 252
34 122
100 908
8 784
100 330
48 869
60 849
41 747
60 469
5 651
70 489
95 657
52 113
94 907
91 842
26 726
61 88
75 172
55 719
75 566
60 738
18 507
86 183
74 365
23 174
68 581
14 898
81 389
46 946
83 772
67 613
41 831
20 296
38 670
54 932
80 13
89 621
36 182
59 749
71 430
90 538
74 559
51 198
67 396
31 194
31 882
62 615
28 481
42 666
6 899
33 337
60 194
86 407
95 736
55 921
77 28
6 126
98 844
7 508
3 442
69 357
39 482
8 986
10 857
35 64
96 176
4 619
89 333
49 743
37 131
52 185
50 49
67 743
65 633
66 83
62 927
4 348
16 387
70 322
11 936
45 950
75 784
60 455
41 544
50 137
66 813
93 831
9 631
65 729
84 775
44 289
69 227
49 36
9 946
13 831
25 741
77 944
9 276
14 593
100 547
29 469
15 25
32 172
80 824
100 895
82 687
59 226
41 795
86 501
80 618
68 549
7 40
56 835
35 841
67 110
36 107
51 698
15 854
77 786
81 745
60 203
23 815
64 296
81 689
12 277
51 79
17 617
78 268
75 433
44 829
98 447
35 96
33 41
81 989
99 578
41 458
24 92
80 183
79 833
88 158
73 130
25 909
46 354
64 148
18 235
12 304
90 886
15 802
98 324
34 728
57 451
58 656
90 409
18 928
1 685
61 301
46 297
65 535
91 336
14 412
39 633
75 228
70 90
1 396
37 770
67 289
60 260
76 737
13 757
68 885
54 701
38 207
17 346
94 623
82 399
67 228
84 725
99 501
34 459
24 202
84 995
18 400
14 409
92 898
90 752
91 559
92 920
45 400
81 482
67 922
49 9
85 888
77 579
36 523
33 236
84 217
2 190
64 435
46 727
93 739
18 43
81 881
14 14
17 178
67 255
60 351
67 200
46 995
31 578
5 791
93 193
35 1018
90 598
60 979
5 736
74 754
38 966
83 715
83 867
49 450
85 968
16 359
55 1014
97 921
47 822
4 355
42 670
36 371
36 775
69 544
51 1018
65 240
48 883
43 914
49 823
31 821
50 115
87 908
12 484
93 670
37 468
100 270
85 347
12 356
81 964
63 583
26 148
71 893
78 753
6 731
3 97
11 292
87 682
59 314
33 979
59 421
98 982
98 535
44 305
6 400
44 765
55 177
100 781
97 917
89 827
3 35
91 126
94 109
63 500
78 947
55 380
15 876
45 8
38 640
76 252
11 555
16 997
92 903
93 776
43 237
42 394
23 476
11 596
12 301
72 1005
71 526
28 565
81 696
100 763
11 883
18 326
97 1005
90 120
99 27
28 653
63 449
38 534
53 540
53 484
24 176
57 38
1 824
82 54
8 149
56 806
59 805
43 420
57 405
95 643
67 410
47 693
43 293
66 759
84 307
14 648
46 682
5 159
6 263
32 977
71 3
34 418
59 865
89 567
61 351
21 675
9 455
7 595
3 545
49 555
95 546
46 308
84 862
38 685
40 677
5 511
55 370
92 461
18 740
31 454
14 187
8 826
22 447
24 364
39 724
62 817
38 71
24 449
61 566
61 8
30 745
10 897
6 421
1 300
32 336
53 202
86 857
19 139
27 399
83 245
18 396
49 343
3 136
75 375
85 899
14 919
3 900
51 709
28 99
84 432
38 736
9 956
100 635
82 846
73 572
94 107
60 102
97 410
18 216
28 938
10 141
16 709
68 598
25 312
21 376
59 106
99 351
33 655
97 107
28 994
82 542
12 621
15 524
6 880
83 789
86 829
26 601
9 945
71 905
40 871
44 974
52 342
68 1013
92 261
3 448
34 772
93 305
77 607
4 374
43 543
15 232
31 44
80 859
84 1006
75 196
44 994
73 804
11 445
84 283
57 886
26 934
21 694
38 1001
76 17
31 738
79 489
97 905
88 777
51 495
82 453
46 586
94 835
25 733
63 132
11 959
93 720
12 625
5 57
14 664
41 952
54 632
92 322
32 947
30 227
1 832
11 83
41 77
21 757
13 147
72 799
53 880
62 948
32 882
64 57
1 52
40 898
75 399
56 171
61 269
45 738
100 51
64 468
63 712
4 935
18 63
1 938
94 178
37 398
83 840
70 556
55 438
89 550
92 624
40 133
33 92
18 968
42 665
24 269
16 611
31 185
6 888
6 591
49 958
28 76
93 418
67 639
59 35
28 666
3 883
54 527
54 643
70 92
3 881
52 634
72 538
50 117
69 915
31 442
48 671
1 596
8 123
39 918
77 374
67 815
37 333
17 182
43 787
89 234
31 632
15 86
78 661
34 546
23 909
67 375
23 479
62 618
37 156
47 758
18 45
96 762
85 865
47 328
3 192
77 245
79 403
39 968
7 532
54 590
36 452
52 970
39 909
91 507
65 49
44 570
2 788
39 470
4 225
17 230
72 333
90 215
36 804
58 774
52 647
23 727
35 278
49 1005
39 211
51 203
80 727
88 353
86 54
70 93
62 595
98 694
83 795
88 638
19 41
64 886
60 726
8 762
64 236
18 142
99 204
56 706
66 91
10 395
20 855
43 421
17 808
70 328
31 997
21 129
6 328
18 701
22 577
62 9
33 155
38 235
50 493
60 264
39 973
18 726
99 121
42 204
4 212
19 482
72 471
82 197
75 599
45 828
28 310
84 964
36 985
94 822
17 89
53 11
25 718
64 839
34 857
90 742
20 548
23 228
51 809
72 793
7 297
24 534
22 407
97 46
83 646
47 819
46 927
5 770
24 540
45 434
28 602
99 416
46 349
43 120
29 42
24 516
30 483
73 944
9 498
65 231
63 831
41 853
13 853
82 328
16 158
97 739
12 911
42 885
68 772
8 368
98 891
83 127
81 908
82 213
29 10
31 499
8 467
3 548
15 925
60 662
62 612
24 817
51 506
85 734
1 656
17 42
22 960
29 870
59 214
94 199
60 500
81 39
94 1024
43 236
72 438
41 981
57 249
10 523
82 426
80 1006
86 309
84 579
48 192
13 62
25 482
96 628
30 956
7 923
15 229
35 854
50 7
71 690
43 560
69 1008
73 420
10 18
44 1013
69 971
8 1021
100 584
38 267
20 435
75 854
94 129
26 468
27 723
58 769
32 729
28 576
76 264
100 677
62 699
29 878
38 844
62 653
20 327
84 591
70 94
68 71
98 477
46 180
19 1011
72 562
55 227
54 403
3 85
67 772
47 720
45 404
83 474
73 942
8 952
96 537
65 927
95 242
7 120
38 553
47 345
27 821
12 204
83 38
84 254
77 46
49 409
66 487
30 482
37 657
97 912
70 429
99 776
26 169
60 67
34 1002
76 812
58 983
43 997
100 278
94 804
7 174
52 772
76 45
13 40
21 637
48 870
73 742
58 711
2 493
65 607
74 164
46 243
30 384
27 117
65 440
60 984
65 83
47 249
43 960
4 828
72 215
57 613
96 270
47 842
34 51
36 207
7 818
94 336
73 664
69 838
92 348
61 692
91 503
48 557
70 204
48 1010
2 9
90 350
22 896
51 16
50 590
66 136
71 671
96 560
31 924
81 390
43 145
29 677
51 997
66 61
80 569
14 593
21 643
34 855
90 84
2 435
22 67
47 32
30 18
87 24
57 963
33 163
11 469
84 730
41 25
34 616
65 835
5 146
1 102
32 966
26 845
80 859
3 946
42 624
19 457
43 879
47 35
78 478
92 857
23 944
13 972
56 449
6 720
66 210
1 569
47 1006
85 526
24 276
56 706
71 386
46 522
53 532
92 258
5 35
42 167
67 970
86 490
34 895
85 988
100 1005
100 230
63 921
76 802
24 179
55 46
56 620
11 804
96 99
89 112
89 126
79 87
87 392
80 465
59 760
72 342
49 959
8 703
59 303
48 2
17 963
80 20
54 614
84 685
96 860
49 845
6 51
43 32
94 483
64 704
38 923
14 958
10 593
48 688
7 92
54 351
2 737
98 587
26 169
56 14
5 20
10 990
34 764
53 511
78 493
31 440
55 212
53 224
68 1009
36 674
100 577
100 105
25 369
59 614
78 938
75 542
73 460
95 2
40 503
37 421
67 703
84 362
62 209
89 693
41 472
54 268
64 341
96 312
1 38
90 222
24 528
63 908
100 245
6 163
56 398
7 718
60 419
47 989
83 640
53 819
59 998
66 111
62 433
14 1022
18 323
44 421
19 982
89 814
15 190
8 950
87 534
95 662
8 698
70 554
77 258
64 399
31 409
61 544
93 931
5 287
29 760
3 55
6 1011
64 920
84 819
41 762
89 463
67 256
76 1024
90 448
57 133
39 487
86 331
30 358
73 547
40 466
34 327
100 999
85 364
58 489
38 714
42 486
85 625
26 288
44 527
12 881
71 558
91 176
100 349
38 101
59 153
26 152
71 61
35 792
92 1020
28 582
94 481
7 862
77 784
37 705
98 860
77 945
49 903
76 257
43 629
73 97
42 922
45 236
26 375
19 382
74 258
47 55
67 1005
44 819
37 17
67 26
80 35
54 245
14 42
77 140
42 857
9 427
50 485
47 711
35 665
92 204
15 6
75 637
95 150
75 751
50 930
68 18
36 722
10 877
3 762
57 408
90 229
31 323
21 473
13 547
45 77
62 11
98 1008
43 68
10 54
26 299
63 570
92 922
67 577
51 5
42 767
64 907
75 222
69 683
22 214
49 807
90 954
81 371
2 440
31 47
93 232
21 451
1 661
4 43
65 98
35 527
64 459
37 834
96 614
32 350
91 696
88 92
94 948
18 539
91 900
57 855
8 929
41 908
89 629
27 778
2 997
64 566
63 688
7 87
9 867
28 79
22 567
30 139
82 632
13 853
51 237
11 614
98 964
18 706
100 424
43 269
56 738
70 827
58 185
29 678
67 324
69 564
70 926
7 355
49 355
27 16
92 866
9 733
41 102
26 348
69 873
92 921
26 426
95 987
90 611
53 636
30 373
47 799
70 877
53 807
28 312
74 799
21 426
7 957
60 920
4 28
52 895
4 330
60 646
12 905
24 932
8 141
88 691
3 554
11 44
80 750
39 133
56 507
86 6
23 61
98 718
25 669
72 12
78 884
30 266
32 889
57 256
58 453
94 944
54 464
19 317
94 317
37 713
67 1006
15 237
19 620
14 131
12 518
74 238
69 799
31 116
60 675
39 669
31 292
28 84
40 551
68 945
55 848
85 666
78 327
62 872
14 832
42 186
65 119
15 701
22 925
84 557
31 163
97 678
58 788
97 185
74 137
85 157
68 738
2 789
72 699
96 986
90 613
11 830
56 569
38 625
21 298
57 19
48 357
16 913
32 433
6 434
77 178
34 528
11 387
45 955
49 928
68 567
81 38
44 224
6 878
64 50
7 1004
80 610
76 764
10 455
12 571
64 740
57 453
35 639
35 535
1 900
23 460
74 955
49 813
90 78
2 1001
31 816
24 195
13 291
10 899
9 105
89 609
60 169
25 62
64 876
29 352
95 11
32 168
57 284
88 94
86 622
50 488
49 25
30 814
75 615
84 35
63 108
59 538
17 680
72 60
95 172
95 257
54 198
8 122
10 379
7 843
36 284
14 389
32 988
46 622
86 865
92 273
52 275
74 224
86 385
51 460
48 694
20 737
23 115
62 348
25 48
78 469
27 472
97 638
87 10
15 1012
74 891
24 821
9 46
45 70
46 303
25 986
40 220
94 863
26 532
46 826
75 352
66 910
67 102
11 233
55 758
76 984
84 480
5 764
1 801
37 954
95 337
43 51
60 589
1 889
44 74
38 674
21 960
23 223
17 58
91 148
63 675
3 414
70 887
89 654
7 985
71 742
89 474
88 852
2 680
84 133
85 381
66 154
76 341
44 353
26 831
68 188
53 606
33 610
29 753
47 107
49 821
88 1009
82 615
88 307
14 527
31 1023
95 221
4 199
37 527
19 958
33 26
1 813
7 721
10 75
57 636
22 137
77 5
97 702
36 956
93 889
58 423
47 340
71 14
26 179
1 64
72 873
81 232
18 720
56 35
74 376
87 975
20 79
8 632
72 575
99 764
43 1020
91 302
12 805
43 873
72 855
85 71
28 1
67 341
4 230
75 490
34 21
28 93
27 395
21 879
29 263
66 384
27 780
65 594
21 999
78 520
54 354
38 509
79 892
77 50
26 199
15 703
16 979
15 318
29 495
44 294
6 790
81 1016
69 337
73 81
55 2
84 116
16 166
88 710
77 448
79 130
19 274
64 866
88 603
79 576
17 331
25 830
36 521
57 640
53 381
97 144
83 296
67 738
53 883
43 494
22 157
35 952
66 431
77 657
33 952
21 81
82 53
23 353
6 707
72 406
12 688
69 446
100 808
95 420
42 581
85 971
9 512
55 143
22 667
79 950
90 1007
54 851
100 916
91 609
59 147
14 662
82 539
67 793
70 241
89 987
1 77
73 533
96 807
35 505
62 450
74 19
68 436
26 467
55 24
71 925
82 41
86 1004
71 644
48 900
64 960
50 680
61 770
25 600
53 863
77 1002
76 510
16 720
29 865
62 248
61 213
100 34
21 710
57 831
89 785
34 189
40 543
68 732
8 32
60 840
55 388
25 158
