1024 5000
84 21
37 61
22 34
21 388
25 7
59 69
16 938
46 597
29 810
22 677
16 287
39 388
90 803
31 340
70 15
58 985
71 906
41 672
35 149
67 43
56 726
83 723
39 12
15 763
34 20
24 545
14 470
45 264
56 759
15 661
17 108
82 808
17 642
83 927
87 490
61 946
75 56
16 829
71 939
32 888
22 983
5 240
20 317
43 676
27 81
4 824
81 933
35 177
11 37
52 317
66 24
42 716
59 881
5 146
43 64
37 729
42 417
52 449
93 446
40 784
2 412
67 714
32 165
83 870
69 970
42 727
1 399
78 48
44 938
93 26
69 201
2 1022
22 697
75 326
98 546
85 644
61 667
85 253
3 199
86 8
56 260
58 113
62 127
68 913
69 352
43 17
40 668
51 145
1 461
79 458
42 555
1 939
18 410
95 4
56 264
43 752
59 744
20 157
87 1023
77 911
50 983
43 901
19 941
54 967
21 492
68 359
46 477
17 219
6 439
35 469
42 233
72 201
29 35
73 823
29 401
21 382
24 611
19 986
60 280
60 904
55 303
46 792
47 510
67 640
24 209
65 626
29 280
70 393
79 158
75 347
94 899
89 917
62 987
10 1013
30 781
52 1012
48 106
35 838
11 765
50 539
53 538
52 390
1 965
42 107
14 973
90 655
63 158
28 308
36 401
96 361
58 164
100 217
49 102
2 883
87 483
45 815
16 536
24 813
68 962
47 573
82 348
92 732
65 751
20 624
55 311
16 284
14 307
68 742
1 530
73 251
72 997
29 1008
13 221
8 984
18 690
65 43
94 736
46 518
74 789
10 588
32 77
92 549
92 347
11 792
80 867
82 864
99 58
43 323
62 618
95 435
55 815
33 296
14 227
10 987
47 931
66 66
95 397
27 366
68 881
81 595
19 150
2 537
72 256
32 485
93 118
68 132
36 372
99 433
30 216
39 589
78 944
6 105
65 244
62 36
68 603
82 822
4 40
7 959
79 170
12 144
67 315
23 194
78 701
54 260
81 1020
36 14
99 477
82 231
25 588
50 820
38 896
30 917
67 952
68 205
77 247
68 383
57 622
96 222
63 177
45 191
44 304
52 86
73 322
9 477
81 582
88 50
41 889
10 363
56 793
4 912
7 915
78 575
13 845
1 811
25 253
21 168
25 180
62 313
9 570
45 385
31 36
10 580
53 376
34 716
48 485
44 159
60 873
21 888
46 505
50 690
18 650
90 290
45 87
42 306
24 366
46 782
69 100
81 301
27 255
33 618
3 596
80 90
100 485
89 113
73 626
67 722
11 636
83 56
10 588
9 353
61 26
42 330
61 447
2 599
89 622
61 415
61 968
57 637
44 457
57 393
87 527
10 309
34 77
52 859
20 724
27 593
18 297
10 874
43 527
65 419
97 641
25 317
20 313
69 1012
30 678
84 828
4 469
12 318
37 476
32 185
27 339
89 924
79 674
74 353
12 198
3 300
18 579
17 397
60 545
52 637
66 763
56 378
28 551
59 752
34 846
72 177
100 688
8 794
61 849
98 513
22 892
80 859
79 404
28 314
85 615
78 122
66 365
71 561
3 169
60 917
23 200
1 150
95 144
100 200
41 41
28 1014
1 499
53 355
7 56
68 827
10 593
44 1023
33 423
71 847
47 847
23 581
66 807
43 908
31 650
67 919
90 794
84 598
5 732
20 147
19 595
5 433
87 896
7 95
66 990
54 885
60 656
33 833
51 147
88 365
68 799
55 462
52 142
51 836
78 987
22 636
61 930
76 720
26 475
18 71
12 731
7 227
3 372
99 801
66 750
37 290
44 399
95 68
80 785
7 389
67 861
53 280
6 44
79 543
62 788
26 957
23 544
95 857
23 193
29 409
83 773
26 442
55 424
25 686
16 388
43 931
12 51
14 989
26 160
100 612
43 97
12 417
8 703
41 531
3 881
23 813
85 612
63 775
19 739
77 194
22 487
68 325
65 285
50 630
24 797
29 367
29 761
83 508
51 8
70 309
96 952
42 493
91 328
75 549
94 679
95 144
21 842
48 677
43 757
79 546
1 499
36 397
51 671
17 673
46 918
58 541
78 55
25 360
6 252
81 423
2 627
14 47
36 10
59 546
62 1005
48 271
96 979
43 714
5 547
99 278
97 320
43 262
58 827
45 755
66 505
13 984
99 719
42 551
92 728
16 469
89 139
19 164
50 382
81 718
72 215
4 344
90 790
93 907
64 202
61 646
14 790
49 813
52 610
51 187
93 410
47 1021
33 370
16 642
79 13
87 654
31 306
70 761
87 578
19 663
3 256
32 461
57 888
85 504
73 587
54 785
4 320
98 520
17 941
21 415
13 472
49 156
97 18
16 848
83 534
86 350
17 769
6 809
48 34
32 80
76 977
36 591
37 621
19 961
50 223
4 466
46 396
9 447
21 512
82 1007
62 755
92 810
35 117
3 106
90 882
5 769
71 24
48 83
25 422
63 158
8 370
39 314
69 220
52 153
23 5
48 752
99 467
66 233
40 108
18 733
53 522
98 799
13 813
33 165
14 900
14 853
65 945
78 1010
52 901
26 870
13 273
62 639
64 111
47 299
46 184
83 182
37 484
25 226
28 837
90 481
4 712
66 957
8 451
54 771
76 55
36 208
4 189
51 43
75 693
21 516
65 347
22 557
87 654
54 78
54 148
7 154
99 868
30 466
66 3
68 621
65 827
81 384
52 651
86 290
31 766
50 171
61 479
48 919
20 485
12 573
96 530
34 466
41 811
51 667
49 118
99 870
73 67
33 936
13 655
1 12
76 1006
90 484
76 909
34 567
90 350
20 1001
15 841
31 228
72 349
14 416
3 132
85 387
95 490
50 915
88 498
2 515
56 84
51 939
80 352
26 337
33 597
6 556
53 756
7 16
20 652
96 546
35 692
48 981
1 205
40 276
51 773
55 158
32 765
36 824
40 553
32 793
9 449
24 538
24 82
37 260
53 984
17 491
68 713
72 808
61 295
60 595
51 850
68 899
70 824
98 681
16 833
85 477
18 772
38 437
93 542
88 561
10 477
36 129
69 475
96 57
69 995
44 811
72 379
5 385
14 358
2 530
83 490
6 424
50 995
44 66
68 532
91 1013
36 654
5 148
36 29
36 872
59 855
74 819
90 319
23 387
32 220
84 842
66 897
17 947
83 77
8 355
44 614
79 591
75 460
86 346
88 941
65 486
52 851
80 981
21 459
95 820
30 235
70 363
71 878
61 974
98 273
4 537
70 646
75 105
21 840
58 568
33 643
58 504
65 309
28 613
43 802
40 421
4 21
19 119
47 44
28 828
52 371
89 177
68 443
69 73
75 731
48 1015
1 669
94 817
46 953
1 720
94 812
12 742
1 899
76 707
66 927
42 233
37 850
41 264
93 690
44 527
36 976
77 744
48 1010
52 573
42 940
33 643
95 384
36 535
30 195
93 175
65 727
63 369
16 816
9 820
65 968
78 876
43 838
87 515
23 106
35 736
93 331
3 747
15 714
34 972
1 474
39 1005
12 529
70 728
8 982
39 800
81 845
23 820
22 221
18 457
98 372
12 346
23 522
29 393
52 326
80 96
39 462
20 975
75 425
82 286
70 176
6 283
40 712
26 654
41 387
58 234
46 253
32 436
83 648
56 986
73 144
89 747
57 132
65 571
49 350
65 938
70 918
20 521
1 273
70 513
39 235
83 393
96 302
56 238
25 632
63 897
47 255
59 355
62 292
86 942
73 758
32 142
71 27
51 231
48 812
16 958
51 466
74 510
63 130
75 691
41 945
87 511
91 157
93 560
72 766
66 65
31 309
38 125
47 868
24 634
64 75
84 678
88 893
59 282
86 909
40 758
25 510
68 1003
74 85
70 90
42 1015
42 325
83 359
25 634
71 804
27 858
90 810
47 393
67 673
78 676
93 621
82 361
46 653
83 772
13 876
17 563
39 1014
79 141
40 311
2 550
3 1017
95 968
38 893
21 456
1 1010
60 73
19 517
9 712
41 771
83 882
47 295
60 465
8 282
5 632
92 355
9 682
87 540
38 124
100 962
32 949
59 687
45 529
83 430
41 323
100 675
28 798
26 599
30 229
76 843
32 448
45 1017
13 519
100 730
6 939
11 197
3 590
27 860
98 37
57 310
84 440
65 539
2 930
2 451
22 993
69 994
96 441
50 521
95 493
62 577
99 893
41 246
94 632
53 551
80 345
81 3
64 821
78 997
34 655
100 859
55 692
12 15
85 789
11 43
61 760
83 664
96 368
65 61
95 989
80 642
77 448
41 68
56 162
9 969
96 464
47 414
79 607
4 239
23 962
46 628
38 900
47 301
55 151
22 217
79 973
27 423
64 479
46 639
36 530
11 431
13 361
84 100
19 248
6 314
5 619
77 882
31 183
75 737
85 520
38 447
52 788
69 863
82 334
37 881
68 35
99 832
55 106
23 338
25 245
67 538
79 567
71 333
69 553
46 57
96 999
19 515
98 347
13 1003
52 829
47 519
47 121
3 234
30 233
27 579
53 197
36 316
91 486
92 487
55 693
15 62
23 21
1 404
75 929
50 22
66 216
49 572
44 867
65 562
75 351
32 552
39 207
63 285
24 490
39 706
47 289
84 825
41 320
41 675
48 586
45 957
90 213
77 113
95 285
10 129
88 789
100 158
59 522
7 663
20 189
64 146
54 87
86 786
30 150
13 630
20 109
94 513
49 42
45 375
15 275
15 962
99 159
79 10
80 537
92 667
86 1015
16 179
6 758
84 483
31 376
16 618
4 650
62 804
31 731
98 1017
65 657
50 19
31 25
24 470
17 699
13 262
74 924
92 767
33 380
65 540
75 313
17 215
42 239
34 628
37 148
21 949
48 550
67 594
50 995
91 111
9 151
20 334
35 812
12 707
91 301
34 921
61 355
95 550
81 105
77 537
12 773
21 31
71 403
88 872
81 662
90 18
85 330
75 863
25 427
37 283
15 767
79 315
73 290
28 689
54 1016
21 645
5 661
75 39
83 274
46 412
95 868
5 723
97 779
97 289
17 82
87 907
8 749
9 944
90 36
84 407
44 808
11 792
48 701
22 482
2 715
45 885
6 297
75 730
32 120
26 232
9 564
83 24
29 311
99 302
79 550
65 374
37 735
69 776
64 970
65 361
60 102
13 194
62 804
71 449
15 917
93 99
8 795
42 744
65 64
58 427
21 730
64 945
100 940
44 851
25 928
32 521
69 408
54 403
35 612
23 85
72 507
23 960
41 304
19 358
55 700
100 979
1 560
87 845
99 570
19 336
90 858
64 478
98 545
40 428
44 707
85 636
81 695
99 466
75 225
79 341
97 582
60 305
97 170
53 592
76 796
23 189
25 758
74 870
6 522
10 409
28 786
16 392
4 590
81 430
35 655
63 715
41 42
83 329
67 120
84 950
11 822
58 519
95 780
61 832
45 638
49 480
15 236
31 854
82 704
100 616
22 6
50 546
83 300
51 257
71 770
95 309
44 296
68 98
35 168
90 327
49 122
6 179
5 653
32 158
100 267
5 665
44 54
35 318
42 37
79 772
74 757
45 349
76 884
59 79
43 352
45 831
37 187
5 829
39 1016
31 146
71 735
58 530
93 996
40 118
32 398
97 814
42 945
26 157
56 584
31 830
31 640
92 383
78 620
12 640
36 150
53 870
28 570
19 648
6 198
5 549
79 630
94 724
94 476
89 330
55 91
99 970
46 771
56 531
42 515
38 977
8 930
34 524
4 173
7 1017
66 912
49 965
13 879
16 42
66 520
7 364
75 506
57 316
100 637
95 617
79 992
70 791
74 367
74 349
11 436
89 909
91 881
25 839
31 488
61 40
96 227
16 594
24 712
93 983
36 731
68 451
71 121
53 572
95 506
24 2
57 236
86 240
48 734
2 827
1 934
26 180
81 245
69 868
65 658
31 256
100 378
66 38
38 922
69 984
95 504
89 320
55 870
99 831
83 612
85 776
66 474
83 658
55 704
1 651
17 303
22 700
32 588
42 153
57 322
53 888
54 73
3 540
67 741
14 497
4 978
36 849
60 179
14 122
26 983
36 194
1 653
61 941
44 606
5 701
64 181
4 729
2 746
24 172
6 590
20 789
87 916
30 970
30 71
63 951
61 838
48 290
7 1012
98 682
62 274
54 497
63 921
93 708
62 444
35 79
57 522
80 552
13 457
93 482
3 564
96 556
57 527
29 843
55 26
17 84
31 858
44 753
79 780
60 372
55 290
11 208
100 294
7 200
50 231
6 252
10 65
19 147
96 627
81 82
76 465
17 951
19 744
55 29
47 91
88 697
12 850
64 167
39 638
27 868
25 24
92 638
84 902
52 679
61 749
32 132
33 924
98 487
11 737
99 117
19 915
62 182
36 693
45 859
51 715
14 151
2 797
60 825
19 548
68 155
48 215
18 460
99 344
83 757
72 437
70 882
19 663
23 43
59 387
81 637
37 578
35 814
51 551
27 1
62 70
51 345
44 440
40 398
87 726
55 838
7 1004
99 465
58 734
31 972
88 383
29 173
57 347
66 287
61 576
79 970
37 441
82 929
100 70
74 639
99 432
96 933
7 123
82 28
68 880
84 951
27 560
35 175
26 61
93 779
44 747
60 257
3 1014
13 18
19 462
40 853
70 84
74 280
34 111
92 37
70 283
11 204
86 62
34 723
98 838
49 757
100 177
25 722
54 149
56 224
79 371
40 480
34 813
75 659
19 42
71 889
40 658
40 141
31 446
88 840
51 316
72 819
48 561
4 657
89 231
24 295
6 932
14 31
28 509
58 619
6 360
39 874
13 550
74 711
51 853
74 230
1 74
4 636
46 539
53 318
18 124
1 347
43 362
13 751
6 42
69 396
2 827
61 394
84 234
61 323
99 606
40 207
31 575
50 288
1 86
62 858
82 194
40 240
79 557
94 401
26 310
100 999
20 16
45 464
97 449
42 311
90 313
45 709
23 335
48 975
100 577
41 629
74 988
57 301
36 834
41 94
64 472
88 231
55 436
38 735
40 455
46 914
11 538
2 629
88 569
8 268
62 364
20 891
31 740
39 847
78 867
28 669
74 1007
75 800
3 569
79 278
95 532
71 766
69 764
90 917
25 949
48 430
48 31
72 615
95 463
97 296
93 352
64 619
94 838
46 752
6 904
90 381
3 172
10 456
84 491
80 220
100 507
45 703
45 944
77 283
30 729
14 687
52 517
45 390
71 674
45 712
18 122
80 964
46 189
43 205
40 742
40 71
52 48
37 761
3 42
91 349
42 597
11 826
33 291
43 419
96 307
83 493
73 174
85 722
3 827
98 18
53 325
32 768
24 860
56 338
85 523
62 647
51 696
72 183
78 638
90 926
52 708
38 348
85 826
41 219
53 970
80 149
78 323
12 641
83 396
79 35
66 640
45 1012
16 104
54 273
81 771
70 661
18 568
56 311
33 29
41 997
38 765
93 244
87 13
68 221
28 838
40 301
90 936
12 765
4 457
1 756
60 187
68 657
82 376
31 98
24 472
3 377
96 191
80 274
55 480
3 610
97 750
26 746
77 173
94 676
2 499
68 833
17 799
89 414
62 408
15 553
95 581
50 66
68 525
23 974
80 833
56 273
18 445
14 195
70 480
78 223
2 253
35 638
32 495
71 177
46 537
30 756
6 635
81 865
11 136
46 115
80 349
67 502
86 380
96 387
87 541
29 812
22 639
9 821
89 451
97 1011
16 702
26 57
56 539
45 447
62 710
57 617
47 947
90 828
54 789
90 137
62 798
32 75
84 349
87 520
23 867
10 762
61 224
62 856
46 714
34 411
100 838
99 434
68 97
81 38
25 426
14 166
91 97
20 610
37 110
49 220
41 611
49 497
98 775
68 571
68 606
1 863
47 983
16 155
39 508
88 940
69 365
53 107
45 321
36 906
30 821
93 382
95 57
74 216
3 182
86 271
99 742
41 181
36 381
11 755
56 526
90 797
50 750
35 327
66 595
80 476
55 308
69 797
16 711
44 171
36 773
41 654
18 549
30 165
41 145
79 793
42 564
21 536
62 443
90 335
25 45
74 403
92 643
31 715
37 162
77 196
54 301
9 399
2 658
76 754
82 458
38 448
74 62
19 287
65 820
13 517
80 407
72 191
81 70
81 353
28 766
92 141
26 372
56 891
89 79
21 807
88 118
98 533
20 188
47 684
27 416
76 846
98 71
80 846
53 916
46 372
17 721
64 699
88 27
73 72
53 161
98 641
7 83
53 458
14 968
13 252
11 292
49 156
39 84
37 503
88 150
22 632
70 361
50 937
56 871
84 492
71 862
52 285
80 257
54 190
8 858
37 558
58 514
77 488
13 689
86 572
46 839
56 683
43 485
75 562
83 578
62 338
43 137
82 335
69 340
20 592
5 964
45 298
93 837
57 26
85 750
9 314
52 776
48 739
73 566
96 567
32 305
12 534
22 502
48 834
81 367
70 1013
75 526
99 759
39 47
76 839
1 357
57 336
100 100
46 344
78 326
31 785
50 790
82 47
87 138
13 83
48 258
56 810
47 358
41 97
12 304
60 176
100 40
64 768
71 561
75 804
54 997
8 492
51 858
26 5
23 394
8 474
71 159
44 410
20 804
54 919
3 417
95 743
32 582
6 595
70 572
54 1004
89 938
79 283
3 1008
27 741
94 374
46 4
52 449
33 23
76 919
54 311
55 1012
33 767
57 514
93 686
69 710
1 605
11 111
47 369
87 150
41 472
63 275
95 31
79 888
85 951
18 994
85 68
89 265
62 525
58 146
23 838
4 851
87 454
6 281
79 32
62 907
75 953
57 977
39 880
48 11
42 597
17 18
41 961
98 474
2 35
8 648
84 451
2 266
76 411
7 702
2 976
25 944
44 741
45 862
68 712
61 377
13 853
38 949
33 675
6 226
89 1017
61 557
27 323
46 323
21 344
60 151
24 584
50 175
17 966
5 896
90 885
45 938
93 642
58 477
69 235
11 1001
80 551
33 670
85 331
64 582
34 992
32 969
59 801
28 851
27 132
63 372
48 971
21 704
92 122
64 880
92 858
21 583
97 365
81 233
83 196
90 345
71 521
25 714
2 408
8 16
83 238
47 530
80 671
21 772
48 365
83 123
10 459
14 582
8 934
39 494
41 604
58 268
1 103
93 398
34 496
33 25
74 799
50 917
49 763
28 212
7 267
86 300
65 15
74 524
96 672
14 29
43 831
100 351
53 252
96 419
43 136
7 456
10 996
73 354
78 1012
57 836
62 899
100 979
45 993
50 837
88 471
29 890
86 136
73 186
71 964
76 109
100 22
33 1009
90 913
71 727
56 903
51 130
21 650
44 666
26 561
10 233
8 318
94 285
17 314
82 839
38 50
51 329
43 487
49 64
39 651
51 251
46 305
12 282
54 463
35 547
51 400
95 6
33 876
2 145
58 760
87 419
45 906
35 879
24 35
71 743
54 709
9 191
73 348
68 942
30 395
56 808
50 218
90 487
89 79
35 234
30 590
92 622
11 374
13 838
13 395
48 70
55 524
16 67
31 731
4 656
41 447
92 895
12 229
29 732
27 987
50 121
84 593
82 1022
71 194
32 351
80 367
100 666
39 679
12 737
53 715
81 486
29 808
40 800
8 712
44 318
30 449
42 202
37 156
63 983
21 10
93 937
25 728
86 243
10 286
35 767
68 323
12 113
90 583
88 117
18 395
83 943
75 872
16 860
51 319
70 352
24 103
76 704
6 841
14 188
14 901
82 78
67 157
78 305
95 77
57 1008
48 855
62 290
19 22
33 705
56 943
44 667
17 295
79 850
84 268
89 213
44 966
78 343
66 479
71 836
72 43
23 3
22 721
40 576
62 417
60 57
79 288
47 355
74 45
68 693
21 193
54 456
30 171
30 232
90 420
55 181
31 862
31 336
14 474
43 275
46 142
43 200
57 29
70 1011
18 734
39 386
46 560
5 35
27 615
22 356
38 309
28 472
58 718
71 703
31 693
45 33
67 283
4 239
27 786
53 384
15 904
85 396
87 586
38 145
28 696
80 185
92 11
85 125
16 439
71 895
20 779
75 942
5 134
60 347
3 381
79 389
8 475
80 698
4 190
59 211
81 318
48 864
97 28
20 32
38 790
10 573
8 828
94 580
66 646
46 856
70 632
89 261
39 1004
22 118
37 776
25 29
70 724
88 398
55 855
29 192
52 331
1 139
78 230
74 71
51 620
15 876
95 123
96 309
22 46
75 271
49 755
27 890
74 167
35 180
77 692
71 617
6 111
91 131
69 449
78 191
84 104
39 270
46 154
11 327
55 1005
77 1020
39 896
73 164
74 124
43 34
23 713
82 812
88 381
14 140
37 119
26 872
34 372
49 447
2 695
50 724
99 346
63 385
33 580
52 254
47 890
60 493
11 937
52 378
65 197
57 97
8 846
72 537
98 61
24 719
35 733
58 406
50 113
22 271
60 314
92 370
19 811
30 757
96 117
78 1016
45 626
13 628
20 32
97 641
60 100
67 847
96 752
80 885
48 1017
31 531
74 655
16 485
29 737
73 140
77 327
36 142
40 220
77 375
87 909
75 343
96 325
93 815
21 392
88 916
24 806
79 690
44 298
42 877
43 366
48 863
20 123
40 620
34 749
18 593
41 985
19 617
37 75
79 337
34 58
77 849
36 651
6 275
100 663
3 958
65 119
61 696
85 776
95 583
20 261
91 109
9 61
1 505
71 107
54 600
49 46
12 4
36 938
14 619
68 405
29 580
19 325
72 763
92 542
73 576
30 471
28 1022
23 384
35 665
10 320
100 654
69 664
93 36
33 935
38 128
27 182
88 837
58 959
47 582
24 896
65 254
34 816
95 873
23 753
1 664
68 753
46 412
16 950
91 968
48 77
51 150
98 778
18 764
48 537
9 164
88 453
29 749
68 667
29 418
56 86
77 443
34 350
11 205
12 277
100 111
33 218
85 611
92 222
90 683
70 670
62 141
70 238
78 341
17 462
30 276
87 814
46 360
80 548
20 415
61 711
1 153
73 785
27 900
39 88
54 740
13 380
17 854
9 746
74 497
51 927
100 730
61 466
61 856
5 629
82 813
3 770
62 219
71 704
42 513
8 652
68 524
15 84
6 623
29 523
52 1012
34 867
69 118
48 781
37 297
61 194
21 700
3 26
42 469
26 1012
33 497
31 185
4 645
88 349
71 73
40 338
48 273
25 776
70 488
96 338
28 917
75 869
24 469
34 485
2 599
100 894
91 86
38 67
26 322
55 973
42 262
70 453
70 466
56 923
70 735
44 713
11 766
97 194
47 427
99 124
41 126
33 72
80 47
30 941
48 552
53 761
34 151
29 323
20 392
94 545
38 457
86 729
7 790
82 409
16 576
52 193
82 524
44 913
58 401
69 937
12 694
97 741
48 861
100 435
12 261
8 330
81 189
98 915
78 955
43 146
63 830
54 184
34 601
56 899
21 900
100 928
49 460
29 388
73 684
15 524
72 778
33 636
66 886
43 919
61 825
88 299
83 377
18 960
89 553
58 953
100 621
45 997
5 477
96 353
52 158
12 55
35 705
78 876
26 192
95 358
9 810
12 623
79 113
58 115
53 367
80 69
76 900
5 20
100 400
60 487
14 223
77 468
67 206
52 469
26 66
34 390
31 458
76 13
74 545
28 211
51 171
83 874
34 319
9 397
90 240
35 251
43 399
55 365
16 14
5 1001
3 635
74 953
36 353
46 637
33 69
39 784
83 101
13 284
11 502
100 113
93 538
55 179
48 57
96 515
66 352
4 148
42 857
5 29
30 18
38 58
74 488
97 324
1 450
23 1007
35 262
63 667
11 458
62 710
30 365
20 584
60 691
15 678
4 807
78 709
20 347
94 909
95 583
52 399
4 814
57 958
99 476
16 849
93 421
66 422
85 734
69 477
60 712
98 923
6 835
47 294
94 349
22 992
35 386
86 938
51 746
31 226
65 446
10 105
75 584
31 627
65 507
55 692
86 208
91 688
31 173
21 176
29 134
15 427
19 508
56 694
93 186
71 426
84 968
18 474
59 32
68 819
51 155
3 732
78 53
31 380
33 351
35 746
97 697
28 1003
100 488
36 409
73 566
54 280
38 339
65 12
23 829
75 909
7 293
60 320
73 1011
44 569
93 230
18 821
79 438
56 82
85 447
74 573
97 299
65 498
2 581
33 1008
13 315
96 343
87 483
55 951
45 338
64 806
79 785
78 469
30 377
87 98
76 16
71 812
39 499
61 952
15 793
15 440
4 802
98 690
16 420
49 729
5 88
2 300
44 87
92 46
16 294
87 263
90 813
18 624
95 334
71 342
22 461
41 185
94 538
15 497
46 467
21 690
26 710
33 401
5 733
94 236
6 589
14 311
41 547
26 664
60 460
49 981
80 761
58 133
30 1016
86 207
86 830
77 1011
32 861
83 288
37 833
59 571
9 1020
89 773
6 791
36 397
62 392
97 122
76 494
70 402
77 883
84 942
65 480
28 180
73 291
35 885
39 989
55 495
20 288
47 501
62 655
93 279
22 225
20 150
47 654
55 179
48 134
41 176
2 1024
11 930
78 821
86 388
41 197
14 744
88 101
88 537
99 92
27 776
73 191
69 11
40 451
97 331
65 285
51 174
5 861
91 574
10 868
2 418
20 819
14 523
31 357
11 649
85 850
1 765
88 301
79 859
44 963
65 312
12 671
25 508
80 563
53 141
94 1018
90 446
73 695
72 707
8 1003
36 476
72 732
100 843
8 990
89 759
52 841
10 127
24 530
82 995
52 691
43 474
40 668
59 472
39 862
19 366
16 486
89 643
41 32
49 200
65 113
51 924
94 1004
83 417
50 660
71 577
2 497
46 1010
48 944
57 478
38 611
83 597
80 659
44 264
58 676
72 686
85 398
94 718
37 612
46 886
43 496
87 573
32 464
42 107
88 1014
17 141
77 403
81 672
22 952
80 727
20 375
5 368
76 974
33 124
25 170
50 807
97 424
67 632
19 912
58 246
58 298
34 478
25 99
93 738
90 36
76 629
26 828
64 157
29 32
17 313
25 266
24 865
53 450
100 551
50 186
81 215
83 158
92 159
80 816
56 282
60 312
30 237
15 882
38 892
93 674
100 90
23 275
42 603
65 402
49 38
3 925
20 45
95 943
96 314
98 75
95 561
86 481
94 501
70 167
96 226
88 547
83 754
70 245
36 522
18 460
47 208
65 810
8 419
32 455
84 437
6 303
38 915
3 771
43 96
13 758
37 752
85 636
9 78
96 812
87 501
79 133
36 607
2 959
1 645
98 733
13 919
15 30
97 793
80 176
92 712
29 184
43 189
51 919
66 674
98 864
62 953
88 857
19 913
44 536
73 157
8 590
95 254
35 859
90 395
82 909
10 943
64 521
75 887
59 373
64 97
96 686
85 184
26 559
24 285
26 605
61 313
34 491
58 788
50 587
86 335
83 240
93 539
52 360
13 150
12 936
18 943
5 270
94 91
9 174
51 898
18 816
71 947
70 752
70 607
27 868
54 785
3 170
7 842
17 699
67 236
99 213
91 183
90 256
85 286
5 648
84 182
51 346
24 720
33 814
91 387
1 220
72 739
93 446
8 918
1 522
41 731
62 283
53 192
67 162
49 967
25 636
45 223
37 228
98 30
65 220
80 673
35 563
19 828
81 942
89 105
4 849
31 149
60 723
16 646
20 817
48 668
100 712
22 385
64 808
10 956
59 829
97 442
92 991
73 352
93 965
56 324
41 266
12 896
68 812
29 848
96 81
35 7
20 357
87 707
28 804
15 142
37 219
83 976
77 827
55 69
19 758
68 532
95 864
11 986
11 920
53 230
68 276
4 767
96 627
74 771
38 64
64 1014
54 471
5 466
5 243
3 16
68 926
35 998
53 949
28 391
36 744
20 819
67 856
94 626
66 1011
40 863
10 260
29 331
54 793
44 1002
44 306
85 1011
68 539
25 972
16 920
35 283
83 958
58 634
29 639
67 222
21 607
1 674
62 913
44 571
65 775
76 692
85 541
71 264
79 639
75 518
50 549
49 148
15 878
85 247
60 1016
41 92
10 529
61 439
73 744
37 73
42 532
49 550
24 419
33 103
69 1024
100 566
68 396
1 6
57 470
29 740
41 721
47 34
13 571
72 641
62 456
77 784
23 453
85 11
47 98
1 903
77 732
32 644
52 133
30 352
74 902
24 38
30 898
63 822
29 542
78 734
45 126
97 959
31 802
65 425
51 57
44 995
69 747
22 892
63 239
79 456
64 286
49 713
76 563
86 604
48 947
97 52
69 806
11 627
79 955
79 457
44 330
7 776
1 16
35 931
35 861
99 370
71 855
43 282
62 568
53 473
43 173
53 539
98 511
13 536
89 167
8 428
17 394
47 549
46 821
31 664
98 817
81 780
80 67
65 17
51 921
1 101
69 1013
55 23
15 779
94 940
13 526
87 417
67 522
97 304
66 396
95 975
60 976
82 835
98 766
31 652
66 316
92 731
84 366
1 803
68 286
54 41
95 36
13 706
77 398
25 875
41 952
9 980
47 531
91 920
40 617
96 934
4 275
40 212
37 368
38 760
85 707
88 440
34 233
45 275
62 105
57 398
92 949
53 934
7 119
34 727
68 353
52 643
19 251
58 243
82 843
63 246
41 778
49 243
54 805
89 615
14 641
20 941
9 341
47 1020
19 656
14 170
12 333
57 610
7 642
89 176
65 831
57 985
4 82
31 570
50 719
76 771
15 148
72 900
20 514
43 946
49 592
76 128
24 904
93 482
1 565
21 981
83 53
22 955
82 120
96 1020
23 659
98 149
18 429
64 269
38 918
27 62
13 282
49 384
37 926
17 681
74 497
54 837
14 555
43 683
78 242
30 488
12 420
89 682
48 660
66 766
10 116
75 14
45 1016
62 557
69 238
22 358
67 851
98 260
1 936
30 30
33 596
82 29
91 130
74 838
25 635
27 318
83 382
60 123
81 729
12 265
50 893
42 676
59 792
47 75
35 853
40 856
40 621
12 414
42 569
19 515
75 806
52 929
51 139
88 535
31 707
31 809
87 396
48 269
67 371
55 866
75 446
21 622
67 556
43 792
20 237
26 278
58 90
55 180
40 210
38 71
96 488
3 466
44 314
78 22
96 52
15 882
29 559
35 539
70 489
7 189
38 588
87 743
13 649
55 905
34 612
27 749
64 829
62 959
82 923
20 802
22 843
99 446
21 114
49 467
62 267
31 303
38 97
98 507
57 944
7 578
47 337
74 606
13 491
20 258
25 496
23 338
74 694
100 690
59 744
36 384
54 787
23 839
35 708
97 604
75 707
85 133
87 459
83 159
45 254
45 314
93 451
19 38
44 410
64 926
69 859
74 114
17 972
69 480
67 249
95 257
68 215
13 974
89 103
5 598
1 525
55 81
19 537
63 71
95 846
16 51
24 257
37 277
88 93
92 858
21 814
46 272
16 479
94 677
57 330
42 937
2 136
2 804
72 112
86 594
41 846
81 612
42 809
56 282
25 619
35 217
36 205
85 412
43 710
12 239
31 313
8 868
52 145
3 95
76 497
93 188
42 309
31 395
45 663
16 993
37 791
17 665
35 673
28 653
82 115
27 372
43 18
95 874
46 862
20 417
38 632
36 651
88 379
65 8
5 697
4 273
35 161
17 433
73 988
97 167
86 951
70 504
61 753
25 106
14 297
27 923
60 102
33 844
32 569
83 496
81 827
81 703
59 681
35 795
45 171
41 722
10 475
10 42
75 554
27 792
82 669
42 754
19 214
93 226
22 399
38 1023
13 466
69 163
18 812
58 766
38 894
44 55
8 665
16 546
90 243
73 20
99 1002
65 657
39 321
19 973
83 580
15 920
77 647
22 142
38 1015
8 392
77 347
22 204
55 542
70 180
84 38
67 670
60 971
51 206
91 161
62 986
28 100
25 760
63 938
49 156
25 784
27 789
58 993
88 92
90 717
8 269
55 470
58 770
9 216
15 683
80 105
28 91
8 500
62 950
98 727
22 318
70 628
78 592
48 49
43 81
26 954
65 496
28 263
45 816
34 191
38 854
39 94
24 499
69 770
68 1006
100 505
91 957
37 380
48 704
85 183
25 170
92 109
41 511
63 905
6 849
47 776
14 366
13 597
84 437
74 263
99 813
40 717
94 876
61 245
11 501
83 315
58 539
24 310
97 794
86 327
86 260
50 271
17 946
88 464
94 185
3 776
86 470
85 719
69 541
71 875
93 366
18 686
84 589
51 928
30 160
82 976
19 307
66 20
44 65
87 586
66 185
81 223
34 805
81 974
65 879
37 337
8 990
10 99
46 992
71 911
99 232
42 546
87 60
5 766
64 23
71 373
84 664
31 861
20 511
23 765
14 611
45 585
64 75
64 105
18 686
35 169
89 853
34 431
88 254
9 11
32 499
32 483
82 978
36 582
25 106
90 830
68 398
10 267
40 49
91 514
10 361
74 627
53 371
77 76
48 205
43 899
16 470
98 841
87 677
2 887
42 719
100 473
77 58
43 564
86 85
73 840
9 734
98 634
8 474
5 703
11 795
38 358
72 935
26 663
19 572
21 344
22 193
72 358
34 530
18 355
98 974
70 34
40 611
71 763
41 352
6 739
74 1019
80 362
81 245
56 491
36 524
10 58
100 625
59 965
98 312
8 743
18 465
52 945
44 419
7 112
98 100
38 891
58 921
68 1022
25 227
36 957
3 297
22 442
81 404
39 26
60 678
72 977
22 520
37 169
98 555
52 683
59 105
69 748
57 777
54 142
63 209
94 729
90 63
71 402
98 529
100 157
54 171
85 299
46 1005
44 603
20 747
41 166
36 810
93 852
98 634
25 540
39 42
77 324
36 391
1 570
7 128
42 76
23 835
38 988
3 841
15 326
28 827
99 391
64 380
6 149
41 187
73 831
52 933
10 332
47 855
73 193
62 602
16 256
44 641
4 203
86 786
20 1021
24 1019
27 176
62 604
52 362
14 1012
37 1018
24 298
5 194
8 201
26 86
94 653
5 190
46 560
36 727
77 919
47 909
25 85
92 262
56 383
44 454
19 792
39 266
25 771
64 193
23 845
6 748
82 618
57 743
18 304
61 474
99 143
50 87
31 417
13 914
36 972
11 146
35 789
47 803
95 870
47 481
51 248
89 140
62 117
62 1019
89 302
28 619
80 826
13 670
70 29
51 1017
84 902
62 714
14 549
33 177
22 463
81 60
83 861
55 552
14 56
26 374
41 1013
92 800
82 672
85 8
33 1004
60 676
1 138
38 522
34 858
74 55
100 331
79 1006
23 313
29 120
53 54
41 725
59 460
17 856
88 945
95 808
88 863
39 780
32 824
2 661
49 975
23 953
81 829
34 448
38 443
95 486
68 36
34 538
19 686
70 602
3 208
81 506
74 844
78 21
99 539
73 276
57 372
100 770
96 113
45 293
95 759
74 27
78 964
92 265
61 933
6 207
29 227
53 162
58 974
59 688
60 863
7 976
78 142
57 386
39 913
58 809
44 432
99 417
95 375
69 995
55 523
70 399
13 890
37 794
55 743
81 302
29 396
33 791
45 974
84 791
42 829
20 485
76 386
6 606
12 558
77 19
100 754
1 804
71 977
37 433
35 6
90 252
57 986
74 937
63 169
36 773
49 255
89 209
76 110
98 376
72 366
6 723
71 810
87 713
47 51
17 433
92 854
48 456
32 701
49 726
29 48
50 842
90 707
6 941
36 839
4 459
29 685
30 275
19 660
44 209
90 84
97 766
70 301
81 729
17 565
46 846
12 904
27 913
38 688
18 377
34 97
84 682
34 993
65 228
84 920
68 313
19 52
58 916
60 251
92 329
19 26
74 403
37 812
35 490
31 96
2 976
25 677
30 974
1 566
13 248
53 612
61 439
43 614
63 1015
56 950
31 655
95 468
57 879
55 323
8 729
95 186
52 611
46 289
80 483
78 736
86 290
23 266
5 985
64 35
19 719
24 269
97 935
4 381
53 990
48 109
46 98
22 350
64 131
82 243
69 468
38 319
93 276
100 461
76 439
19 187
86 455
95 482
65 167
87 129
8 542
77 826
27 530
3 322
69 788
88 249
95 517
91 988
36 127
88 3
57 919
57 698
53 644
76 713
2 1018
33 941
47 54
14 149
11 892
66 219
52 9
20 886
29 10
89 292
4 249
74 701
35 483
54 491
34 529
55 911
42 1019
47 32
52 545
12 631
28 649
45 43
33 292
81 157
26 753
24 437
97 742
41 119
32 487
69 301
75 787
3 513
14 1013
56 829
61 724
79 945
48 260
71 1005
39 891
41 852
20 585
97 596
66 377
99 501
83 299
65 854
94 987
78 843
67 885
23 484
52 58
68 932
29 366
32 867
41 24
35 852
88 959
27 909
19 113
53 150
96 161
63 473
87 320
99 74
24 937
85 764
78 960
27 286
93 558
77 533
81 823
44 165
45 783
25 43
47 434
68 282
50 170
34 717
73 20
94 669
57 322
24 926
85 54
92 557
59 316
62 167
82 425
59 870
79 380
40 54
17 80
71 382
41 65
54 738
40 863
62 16
80 789
30 416
86 105
93 428
92 14
34 533
62 925
50 621
80 265
70 68
48 1008
65 593
48 523
2 132
69 687
35 521
99 64
64 268
88 884
31 587
13 264
3 311
8 472
19 443
93 580
86 56
83 959
80 611
73 953
70 817
47 888
93 41
72 225
84 95
16 1002
90 981
78 776
7 405
48 173
76 960
16 333
83 290
63 639
80 723
47 617
28 158
57 828
94 408
80 506
38 112
91 159
76 724
75 334
57 134
10 952
17 233
44 59
26 527
65 398
93 240
58 740
61 470
44 594
45 571
83 355
70 558
65 749
97 423
78 361
16 563
84 624
15 548
35 293
86 355
50 274
14 679
50 990
25 533
32 1001
67 634
7 761
43 844
33 424
14 543
92 798
1 48
13 876
55 55
8 644
98 833
69 1003
15 906
41 611
14 504
12 493
89 918
21 280
93 713
71 979
15 462
88 312
89 124
83 79
99 306
86 588
98 615
10 600
76 510
55 910
73 774
74 102
87 606
93 380
98 59
38 525
28 61
80 5
76 998
63 362
3 805
73 392
7 491
15 890
36 153
75 989
38 128
22 569
93 446
56 3
80 257
55 1023
21 338
27 500
47 86
74 589
42 786
100 260
32 946
81 228
35 900
80 1000
55 257
48 736
18 467
42 181
99 240
7 15
81 182
19 887
75 352
79 132
41 406
15 365
95 515
96 401
2 783
53 393
27 920
8 716
55 841
44 61
96 50
76 632
87 590
58 497
89 944
28 29
65 1018
57 651
89 984
40 898
78 404
98 756
43 369
51 661
5 318
54 240
48 797
79 598
78 340
47 278
23 698
50 583
20 699
50 176
10 237
49 376
32 315
95 938
3 554
75 868
91 272
59 214
12 954
24 405
25 882
6 528
47 987
86 222
13 295
25 295
75 446
62 146
72 776
32 418
53 634
81 152
37 344
85 948
29 152
36 541
29 1009
100 564
99 130
93 608
72 158
86 955
91 547
56 338
54 135
87 603
96 1016
2 648
11 94
31 607
46 898
43 254
62 167
53 829
32 578
72 719
15 289
53 313
7 725
70 108
47 380
18 603
27 439
78 705
57 797
79 778
78 410
31 528
68 824
100 871
81 743
5 87
31 190
3 841
70 24
48 748
79 634
62 774
36 552
46 580
100 741
49 993
46 340
68 701
15 827
15 515
41 87
41 551
80 999
11 165
66 291
17 400
28 214
1 971
21 603
59 64
71 859
1 444
38 528
32 312
87 666
98 875
16 402
2 4
84 768
96 373
74 56
45 957
94 921
16 10
43 406
86 817
32 106
32 414
5 355
25 963
12 527
70 748
64 191
75 280
86 918
100 992
86 400
60 219
93 803
44 795
52 301
100 424
18 823
57 15
50 537
13 149
55 766
40 967
56 622
22 890
88 873
53 465
17 756
3 545
91 910
95 718
79 902
77 592
29 953
18 854
66 559
38 504
16 874
42 232
95 667
65 986
36 953
58 764
32 84
64 194
10 598
16 156
4 4
35 152
77 329
61 398
39 982
65 162
31 323
29 278
73 489
11 480
13 665
63 77
32 502
18 717
88 157
32 551
29 595
26 93
23 682
98 785
87 366
66 446
72 315
95 653
39 961
56 196
77 327
100 325
48 541
1 903
54 889
77 858
51 106
38 357
91 415
85 402
100 38
47 444
96 545
20 131
49 179
42 58
97 597
86 309
9 398
31 810
22 616
47 720
13 568
96 484
70 168
33 738
34 707
45 557
71 228
67 707
42 1012
96 911
100 121
35 697
71 381
74 780
28 101
16 693
56 527
48 626
47 12
99 900
10 495
60 944
10 95
2 103
38 366
41 666
82 183
98 1004
96 819
48 535
95 211
67 563
77 354
76 407
45 502
54 58
68 714
37 693
44 603
31 889
40 784
22 429
50 867
29 505
94 144
72 556
90 218
38 66
4 257
93 936
90 754
54 729
63 970
37 226
80 168
91 491
91 620
44 892
35 304
37 100
47 388
15 800
97 749
57 152
69 313
100 739
47 33
19 485
94 840
19 526
75 801
44 933
24 911
56 858
10 148
37 636
3 588
95 116
8 252
51 292
52 330
38 606
2 449
63 340
64 777
21 246
93 856
54 948
3 953
78 932
5 714
72 611
69 954
58 588
21 993
56 745
58 885
26 660
1 392
7 572
20 839
5 696
42 970
32 388
71 377
12 975
74 839
33 343
52 263
70 949
3 785
49 528
70 994
23 954
62 137
38 505
7 294
45 621
52 796
48 114
36 279
48 213
93 624
55 861
74 461
69 92
53 429
88 866
90 782
96 759
91 273
84 869
26 416
1 805
7 449
98 334
59 981
54 820
29 77
48 442
37 416
30 757
84 129
63 217
78 370
28 804
42 191
17 183
42 89
96 792
17 881
93 240
42 646
31 394
58 690
23 234
45 344
83 924
20 565
52 358
54 67
17 551
41 785
13 862
54 696
33 386
5 729
97 366
75 659
67 48
56 569
78 404
93 248
31 360
56 419
61 721
65 854
7 742
14 979
91 463
31 184
89 179
52 449
32 238
64 278
10 407
38 567
23 734
98 89
46 601
39 786
17 992
87 543
61 205
45 263
19 123
78 491
61 334
96 844
7 1023
41 856
81 943
6 191
60 187
60 721
59 786
63 59
1 73
97 437
53 74
64 944
68 121
82 497
22 325
24 1
87 413
48 728
95 230
74 982
8 173
63 179
31 137
41 687
29 838
96 486
83 799
57 82
51 814
82 349
67 894
53 437
22 180
24 612
53 34
25 825
82 223
27 140
15 215
47 568
8 926
77 938
52 433
96 594
22 573
74 336
34 266
93 723
26 912
74 854
65 879
90 127
37 632
10 436
87 68
99 874
49 7
40 668
59 783
54 660
11 155
68 773
5 744
3 866
27 781
59 552
27 325
90 711
68 943
66 778
7 100
4 979
90 391
59 544
29 860
28 479
90 151
87 410
58 698
75 500
18 946
27 64
38 704
6 177
67 896
63 609
39 558
31 77
12 161
76 72
52 799
30 1010
1 777
87 818
58 646
94 903
51 320
18 812
88 715
44 622
50 918
78 557
75 768
69 374
49 228
77 924
51 995
93 951
23 280
61 172
97 14
6 467
25 1015
34 332
1 217
17 267
87 134
91 561
2 431
51 806
54 355
1 660
33 590
59 47
77 307
38 769
76 267
71 652
69 464
64 962
84 912
72 790
26 2
87 923
72 237
80 65
63 384
33 916
25 287
54 817
13 156
77 912
38 771
39 679
6 498
28 890
34 819
63 407
12 981
89 227
37 1008
11 784
99 1015
99 316
85 612
28 869
95 669
36 165
7 271
43 625
80 434
54 129
72 120
75 23
69 839
69 269
82 539
56 165
74 702
56 806
58 587
11 32
91 382
40 646
24 14
62 396
55 735
20 674
86 35
12 930
61 944
11 671
15 202
75 988
24 290
49 169
16 395
36 83
9 396
8 404
9 973
87 856
87 299
93 512
53 177
78 181
40 592
7 554
9 661
93 672
66 262
64 802
4 16
92 408
31 587
96 819
71 586
6 193
40 131
80 192
55 97
57 402
48 199
100 457
100 448
40 785
37 944
98 341
59 421
4 345
91 535
79 517
33 789
69 980
35 389
68 201
61 520
34 149
42 533
17 553
77 708
58 665
15 875
5 561
48 729
13 254
59 20
3 335
28 455
67 702
75 438
2 304
61 479
96 650
72 32
95 968
71 492
64 342
10 589
62 613
81 783
99 531
18 613
34 585
75 132
10 886
37 139
37 501
49 616
50 604
95 304
71 361
47 131
54 113
7 580
17 1011
42 567
77 115
19 358
7 198
61 960
95 33
30 223
45 690
14 659
2 460
90 816
76 733
10 498
97 640
49 545
2 390
32 119
100 242
40 178
95 965
25 497
49 186
23 506
35 532
92 120
95 77
60 787
21 857
4 629
37 312
86 74
93 237
68 180
18 668
1 917
