1152 500
311 486
9 486
272 486
276 486
469 486
49 522
102 522
1 1
1 1
122 522
1 2
2 20
23 200
109 492
216 256
7 256
60 522
145 522
43 522
25 522
1 250
4 250
310 521
99 521
47 522
70 1
34 2
65 4
62 8
135 32
217 64
450 128
949 256
121 256
136 384
135 512
20 1
33 2
52 4
70 8
77 16
165 32
2 64
535 128
120 256
563 256
1308 384
10 512
20 1
34 2
48 4
56 8
71 16
97 32
216 64
400 128
6 255
908 255
5 383
7 511
37 1
86 2
75 4
78 8
91 16
158 32
298 64
549 128
1065 255
1083 255
261 383
3881 511
19 1
33 2
47 4
50 8
64 16
88 32
186 64
261 128
794 236
14 236
230 354
615 472
20 1
33 2
50 4
63 8
73 16
154 32
250 64
10 128
12 236
897 236
15 354
13 472
40 1
79 2
75 4
76 8
88 16
142 32
296 64
559 128
988 236
1021 236
1492 354
1979 472
35 1
80 2
76 4
74 8
84 16
142 32
296 64
562 128
978 236
995 236
1802 354
7851 472
1765 472
1763 472
618 472
616 472
1914 472
683 472
664 472
655 472
1954 472
694 472
815 472
771 472
773 472
295 472
305 472
43 472
126 472
59 1
56 1
57 1
56 1
55 1
58 1
111 2
110 2
109 2
111 2
60 2
142 2
111 4
111 4
111 4
111 4
60 4
151 4
132 8
138 8
133 8
140 8
61 8
172 8
132 16
133 16
133 16
132 16
61 16
175 16
239 32
232 32
231 32
239 32
61 32
288 32
427 64
422 64
434 64
437 64
63 64
520 64
616 128
605 128
615 128
615 128
74 128
605 128
618 236
619 236
619 236
618 236
74 236
608 236
620 236
612 236
1046 236
619 236
72 236
614 236
625 354
624 354
14 1
13 1
15 1
19 1
18 1
15 1
33 2
18 1
14 1
30 1
15 2
44 2
76 1
32 1
50 1
53 1
625 354
627 1
556 1
637 2
651 1
707 1
837 1
625 354
911 1
913 1
1000 2
1049 1
1147 2
1221 1
1221 1
1227 2
1219 1
1221 1
1220 2
353 354
1225 1
1226 1
1225 1
1227 2
613 354
2503 1
2530 1
3128 1
3121 1
161 472
132 472
3791 1
111 472
6605 1
6940 1
15 1
18 1
16 1
15 1
32 2
26 1
14 1
14 2
30 1
42 2
73 1
31 1
49 1
50 1
579 1
544 1
642 2
649 1
721 1
837 1
911 1
977 2
906 1
1044 1
1140 2
1227 2
1226 1
1220 1
1226 1
1219 2
1226 1
1227 1
1225 1
1227 1
1239 2
2515 1
2526 1
2675 1
3204 1
3132 1
3360 1
3801 1
6813 1
6982 1
153 1
14 2
716 1
537 2
9995 1
939 2
14 2
14 2
14 2
20 1
33 2
42 4
48 8
280 16
93 32
197 64
362 128
15 223
3 223
5 334
8 446
19 1
33 2
54 4
58 8
69 16
2 32
2 64
2 128
8 232
4 232
9 348
11 465
37 1
81 2
75 4
78 8
88 16
2 32
2 64
2 128
8 232
3 232
12 348
13 465
35 1
78 2
76 4
79 8
85 16
3441 32
317 64
573 128
987 232
993 232
334 348
485 465
1822 460
1765 460
1644 460
1632 460
643 460
430 452
403 452
408 452
1500 451
793 451
721 451
436 451
744 451
260 466
251 466
46 466
119 466
59 1
57 1
59 1
59 1
55 1
58 1
110 2
110 2
110 2
110 2
60 2
142 2
112 4
112 4
112 4
110 4
60 4
154 4
133 8
133 8
134 8
132 8
66 8
168 8
132 16
132 16
136 16
142 16
61 16
174 16
230 32
236 32
235 32
235 32
61 32
288 32
446 64
417 64
453 64
413 64
62 64
519 64
605 128
605 128
606 128
605 128
65 128
611 128
828 233
10837 233
2363 233
405 233
24 1
60 2
85 4
129 8
186 16
422 32
1623 64
1918 128
10816 232
9827 232
1502 348
36 1
64 2
97 4
177 8
263 16
595 32
1003 64
1921 128
3422 214
3381 214
5474 321
7818 429
130 1
181 2
197 4
214 8
319 16
546 32
1127 64
2203 128
3689 214
3839 214
5722 321
7623 428
145 1
182 2
193 4
213 8
319 16
545 32
1086 64
2269 128
3786 213
3717 213
5645 320
7660 427
7604 427
7736 427
7643 427
7542 427
8061 427
1910 427
1894 427
2016 427
10634 427
4811 427
5088 427
4304 427
3567 427
1030 426
908 426
96 426
369 426
59 1
57 1
57 1
57 1
54 1
57 1
111 2
111 2
109 2
110 2
61 2
143 2
112 4
132 4
125 4
125 4
