1024 4000
9 59
31 395
53 340
15 216
41 548
1 440
18 14
77 444
22 777
1 586
72 379
14 1011
77 130
29 402
38 645
40 354
79 342
16 768
33 23
67 689
6 1023
68 479
76 364
11 733
77 355
7 148
73 764
94 593
73 46
63 314
82 62
7 368
75 390
43 59
56 69
31 981
28 851
88 79
94 334
56 306
8 82
21 397
33 586
81 713
87 959
66 296
48 668
32 398
45 774
32 445
87 179
65 910
65 836
20 194
49 775
84 833
88 952
41 676
22 169
24 120
20 365
80 99
12 55
93 41
88 952
9 646
42 885
39 110
77 495
20 841
85 803
85 77
10 853
44 219
50 92
91 101
60 754
87 464
84 695
80 611
59 988
97 728
12 763
10 520
45 117
65 478
83 985
6 624
26 281
75 811
68 157
47 828
90 85
51 693
68 770
95 378
69 511
77 556
26 918
20 482
66 388
55 928
84 488
44 137
61 346
39 116
86 833
59 387
70 185
99 673
42 333
14 662
36 106
94 69
80 245
34 9
100 485
97 979
100 440
48 716
9 14
40 262
71 750
20 740
11 702
80 864
62 413
14 853
86 695
9 517
75 447
62 546
83 438
60 878
97 591
94 637
45 377
50 427
82 521
58 12
90 529
96 207
33 353
48 434
71 956
35 961
50 452
70 284
5 981
18 741
88 707
9 128
43 226
98 160
30 695
72 943
95 23
21 115
79 160
96 397
28 474
45 469
29 814
13 789
94 890
85 293
40 857
64 630
54 973
61 803
67 960
5 841
50 846
39 332
97 479
80 72
68 36
53 853
89 269
81 595
98 98
67 705
14 283
22 1012
43 74
6 874
18 487
74 991
88 621
99 288
51 2
60 2
6 900
18 886
80 447
32 277
20 319
17 473
81 266
4 831
23 226
36 348
72 346
11 1019
74 613
46 16
42 641
45 651
20 871
45 659
17 968
79 836
26 891
72 862
84 744
81 471
85 324
2 656
29 108
18 610
24 931
29 310
20 642
64 39
40 448
94 780
36 608
95 653
19 874
19 606
93 135
64 537
18 870
36 103
29 817
52 673
68 313
22 247
6 917
29 417
45 982
56 732
46 762
44 16
67 850
69 180
64 673
88 418
98 884
32 470
28 207
82 375
63 75
33 448
40 906
68 308
35 11
67 404
72 374
95 359
24 16
98 159
48 229
20 181
60 71
26 764
34 768
34 796
62 735
68 809
32 59
88 454
10 106
50 841
16 252
23 679
11 712
77 954
9 389
6 4
99 760
59 736
91 881
32 320
63 727
57 182
89 196
11 854
2 468
31 781
56 845
7 986
77 247
28 449
35 1
4 70
16 195
69 238
59 288
62 641
54 662
14 775
13 432
92 134
88 250
82 595
79 324
12 603
27 447
91 181
24 478
46 183
8 31
97 722
18 978
38 308
27 135
14 447
79 661
5 442
31 470
12 981
30 567
63 340
14 585
16 437
98 770
27 710
28 15
75 93
32 745
68 582
67 457
49 421
90 585
14 1004
42 873
28 823
52 494
26 405
46 658
5 91
7 435
52 178
6 183
82 417
43 670
47 781
34 1003
6 195
99 15
94 592
96 109
63 279
14 528
63 655
85 499
54 563
49 521
28 358
35 1010
43 605
11 749
86 756
35 539
19 265
61 100
24 416
85 222
54 810
78 352
9 910
34 162
5 759
70 164
88 361
93 866
81 803
22 302
51 292
60 461
40 369
80 388
80 768
53 454
66 334
53 994
96 631
39 668
21 812
35 456
12 980
94 89
34 887
14 268
23 206
52 710
98 264
77 333
51 682
62 560
63 567
41 210
53 659
61 537
87 684
36 594
75 265
46 372
96 48
44 282
85 343
31 826
82 40
10 613
41 920
100 711
90 677
13 634
19 773
70 757
20 113
59 46
38 1008
54 505
15 33
2 283
95 752
32 981
43 218
9 487
17 716
86 574
100 70
51 679
74 328
79 250
28 737
39 817
93 712
49 751
40 58
58 95
86 93
63 576
34 619
63 422
82 212
7 678
49 153
52 98
80 742
67 920
19 642
76 151
97 1009
21 49
78 910
75 851
19 193
95 288
59 441
54 96
56 680
73 932
73 80
29 288
58 352
63 252
1 895
90 297
15 278
89 920
40 487
11 142
51 125
61 465
13 114
53 192
30 309
27 602
53 103
5 186
50 48
89 422
10 838
51 796
39 39
19 254
54 413
35 180
85 824
17 77
65 181
68 706
45 366
95 877
1 148
58 922
71 474
52 112
75 14
55 378
44 573
91 577
54 2
1 498
77 377
87 737
37 842
35 21
52 701
82 652
32 935
5 18
37 868
85 671
61 11
76 933
16 655
53 545
48 217
6 456
21 592
64 125
2 586
42 593
31 19
8 86
65 768
20 313
72 232
16 468
47 1007
88 826
61 861
82 268
45 363
31 646
83 891
78 340
96 915
40 714
45 127
44 862
10 903
62 481
70 109
65 352
20 300
29 728
96 498
88 189
49 694
10 791
16 579
66 1012
58 13
93 378
3 476
63 8
50 365
45 464
1 413
87 564
64 968
52 848
25 239
52 277
60 845
7 468
99 148
91 868
28 131
10 298
71 436
46 960
48 794
91 249
2 190
20 893
93 55
28 573
61 727
94 201
91 892
48 946
24 98
49 175
20 1010
37 834
34 778
62 197
75 144
81 728
81 233
96 465
23 288
46 580
54 863
4 537
90 423
38 745
40 222
20 747
48 368
53 629
89 302
13 667
17 246
42 778
46 965
74 764
12 231
51 218
9 74
62 799
8 187
15 1015
88 414
10 615
41 270
67 901
27 20
43 1015
25 912
44 742
73 986
89 56
88 800
49 261
49 2
47 345
64 553
55 596
47 48
38 723
77 405
68 887
36 118
98 688
46 621
33 858
10 885
53 774
16 162
46 509
15 44
73 351
4 163
82 538
95 107
41 527
75 836
26 934
69 243
25 958
15 1001
83 421
82 680
74 497
89 179
13 1003
10 833
85 817
64 250
67 182
37 567
80 867
66 73
77 306
79 349
52 154
62 6
70 163
73 743
43 501
13 640
68 118
40 808
38 419
22 240
64 390
66 284
72 159
52 1008
69 671
5 704
28 658
5 373
12 370
43 454
90 1011
61 325
80 517
13 13
59 142
77 511
43 34
18 762
25 125
18 657
51 54
12 594
39 20
26 506
45 32
7 235
74 4
95 121
72 667
22 430
92 386
4 314
39 709
52 611
42 797
7 604
42 578
70 536
86 115
33 986
67 975
68 164
10 755
45 473
21 418
63 181
15 818
98 197
39 545
20 312
69 26
23 142
96 64
41 177
91 693
14 325
64 334
48 597
96 772
6 460
9 948
80 967
85 110
80 219
30 947
54 971
76 421
12 551
20 765
3 662
29 865
18 52
50 450
17 237
9 694
12 362
93 312
44 333
73 443
52 50
73 57
56 313
33 84
71 961
24 566
66 256
42 560
44 579
53 956
87 181
85 486
82 217
41 846
5 193
100 76
19 629
13 238
25 609
45 779
1 144
72 119
20 725
2 707
55 662
26 69
18 238
39 360
38 327
29 1002
44 444
50 762
56 186
39 988
10 296
27 315
51 38
81 838
63 86
84 17
39 133
62 564
22 640
59 823
82 79
53 461
71 854
90 570
19 173
58 808
64 252
42 906
85 530
88 27
55 215
68 337
84 129
53 717
32 799
16 709
2 292
90 376
73 343
1 135
11 454
70 982
45 16
92 994
37 559
80 136
1 39
36 96
79 348
41 934
3 304
75 1000
75 764
79 715
94 271
41 597
89 766
30 405
25 393
66 302
51 370
5 700
44 908
87 575
32 583
84 354
34 78
89 456
73 679
58 923
45 994
23 649
60 24
70 492
25 403
97 343
32 205
78 156
45 813
54 320
95 189
9 233
47 1001
88 83
15 834
37 579
95 475
96 514
15 233
38 915
51 774
17 383
39 251
14 43
15 243
58 409
55 10
37 697
66 305
72 640
74 760
90 916
23 397
22 709
1 387
79 240
96 831
38 90
45 135
68 95
69 493
68 807
46 120
24 487
32 235
42 537
58 296
25 180
20 834
68 297
8 462
24 331
45 133
41 325
15 552
48 643
37 923
5 522
74 904
45 442
78 86
14 84
73 382
67 49
35 127
13 386
32 880
97 856
100 113
17 254
48 576
48 684
34 296
18 491
84 166
64 289
3 886
48 632
15 635
68 434
1 1024
43 324
19 511
12 866
31 312
35 263
43 990
14 336
37 103
34 436
48 734
85 519
75 72
26 837
98 805
42 442
76 41
34 658
79 921
67 150
72 593
88 70
86 333
93 818
36 206
46 703
75 954
85 509
13 322
90 707
6 567
12 905
19 889
78 134
89 12
7 992
48 694
29 137
50 441
59 437
51 160
20 561
85 312
74 89
66 367
59 735
97 919
4 516
67 129
65 544
29 931
71 744
68 548
61 601
72 811
54 610
26 129
99 34
80 192
58 49
38 917
68 466
91 375
1 569
7 605
16 643
87 599
11 86
38 219
23 85
93 700
35 974
52 841
79 243
56 104
28 565
4 51
78 806
21 987
55 927
95 438
62 54
8 908
39 133
98 825
58 106
40 912
59 303
24 37
74 735
24 837
23 136
51 280
77 287
30 267
49 809
53 734
58 716
85 1000
9 718
9 42
75 276
9 877
91 656
21 100
14 29
20 640
28 798
87 80
92 137
87 248
93 27
2 782
2 574
97 566
72 533
27 66
5 535
31 363
70 831
14 531
51 373
22 1022
2 41
34 205
29 424
84 97
10 409
22 167
23 610
73 226
27 315
91 927
38 209
29 1015
76 726
46 874
74 667
56 219
27 949
71 883
8 874
27 797
91 832
79 217
70 671
10 536
54 732
78 811
73 702
1 956
47 298
25 476
65 652
98 647
20 92
50 923
21 460
95 199
28 634
75 685
24 856
44 241
36 633
19 480
78 828
11 712
69 191
95 41
19 856
28 394
11 169
65 887
4 987
94 895
84 476
79 876
56 750
36 871
94 119
54 667
30 736
46 22
2 516
83 744
35 750
58 269
86 406
28 521
84 193
72 964
92 946
27 975
76 906
93 5
72 122
96 945
13 1
99 759
33 5
86 863
42 591
64 647
20 239
67 340
63 534
23 74
44 69
5 103
66 845
43 974
47 778
38 799
31 836
25 271
20 1011
33 569
57 216
39 549
86 334
32 884
99 142
54 298
6 982
64 159
58 507
60 744
96 1002
15 14
37 27
40 629
53 393
69 590
20 364
86 38
17 1001
53 539
74 854
9 327
67 212
53 589
30 593
80 978
14 826
55 358
89 251
10 865
71 135
2 226
90 543
95 170
7 160
72 636
9 520
10 800
56 423
52 425
79 671
14 560
29 345
45 301
15 879
57 213
37 571
26 486
49 701
35 608
24 338
87 848
90 157
7 565
63 986
81 569
41 343
84 81
63 1020
85 257
34 521
65 862
3 906
99 156
14 977
59 417
91 981
21 124
45 863
24 691
37 652
51 433
98 338
97 656
14 893
92 183
25 356
21 456
50 343
31 819
52 349
4 586
37 452
21 418
54 372
44 90
99 319
70 993
80 10
12 989
98 512
44 267
63 168
2 80
82 308
79 805
24 86
26 960
61 50
97 826
93 437
56 420
87 413
44 386
43 1011
63 300
10 498
14 341
21 263
36 150
98 294
87 201
51 296
85 915
62 489
25 766
21 608
49 655
8 548
77 418
99 367
90 8
96 259
32 504
70 768
21 67
37 583
92 416
23 404
50 200
8 1022
89 793
57 102
91 601
81 439
14 159
5 711
91 644
10 514
19 467
93 776
1 294
98 800
69 188
71 1014
55 47
96 328
63 592
85 237
68 53
72 162
48 456
40 378
80 817
11 198
31 124
89 792
37 283
27 101
10 746
26 857
32 77
12 606
25 588
50 836
12 493
77 851
49 845
48 1024
17 71
77 896
66 146
83 610
8 205
10 897
62 799
85 717
8 888
90 520
43 116
23 67
60 304
17 532
68 97
87 760
79 728
83 360
33 269
49 276
30 654
60 399
44 877
36 279
92 389
34 167
16 105
93 88
8 125
83 531
77 126
10 387
85 897
2 701
13 690
60 614
59 99
85 747
63 80
57 691
48 799
41 972
99 65
39 286
45 653
84 410
94 57
80 606
89 518
98 70
83 233
47 502
76 671
48 282
54 224
44 194
94 804
17 900
72 175
1 33
79 976
42 581
29 213
54 961
6 444
22 913
60 689
34 1007
3 613
77 61
36 212
10 834
8 394
25 859
32 870
99 370
61 308
38 829
13 88
10 226
95 771
58 182
3 503
93 770
75 429
66 927
40 59
96 631
52 420
30 1019
97 332
48 62
20 290
50 136
29 631
1 907
94 475
80 812
5 228
57 44
92 362
94 272
48 681
30 871
60 343
37 341
91 205
18 290
70 267
93 870
30 785
24 251
7 815
74 188
27 595
43 674
4 176
1 352
24 823
54 931
45 39
91 815
75 648
44 736
79 504
45 788
81 308
34 499
74 51
50 116
89 916
70 577
27 710
96 922
56 101
33 649
91 51
35 381
35 519
12 589
66 672
72 262
27 365
37 53
15 422
52 36
78 957
100 380
47 515
6 126
47 82
2 754
16 189
54 830
19 202
14 704
25 745
34 828
93 702
56 500
55 23
15 412
32 122
40 598
12 45
31 226
38 473
99 257
25 65
55 343
22 456
78 114
57 987
53 261
80 796
60 763
67 270
22 774
43 941
79 2
9 45
16 86
97 182
3 153
18 405
15 511
28 517
89 12
3 541
37 119
1 8
21 107
74 6
68 668
7 202
22 907
58 897
65 763
2 311
27 300
27 386
62 550
34 410
90 356
43 834
22 239
73 330
61 94
36 200
66 258
25 407
60 646
79 108
88 332
94 275
3 108
56 417
74 537
18 195
28 752
40 342
54 844
43 310
14 1006
93 675
23 909
69 379
3 335
58 914
78 904
56 273
71 823
49 644
3 490
10 203
30 841
84 183
65 190
1 574
8 1001
8 410
14 280
16 392
26 250
5 255
77 445
87 115
23 191
95 578
5 572
60 898
57 299
68 25
20 548
50 659
13 821
61 386
36 832
93 689
1 33
15 185
61 446
76 720
40 34
13 292
77 28
29 993
18 221
5 813
16 590
16 268
14 492
57 461
3 405
61 356
50 44
32 914
81 839
97 100
80 881
68 453
36 556
41 209
44 414
42 520
3 445
91 365
36 416
17 210
48 950
93 233
57 81
11 457
35 731
12 767
20 947
23 471
27 615
60 230
60 677
33 1007
9 512
83 8
23 147
33 722
28 782
19 40
6 53
24 756
87 28
54 346
66 692
13 428
91 472
14 286
24 382
16 220
21 614
27 795
49 443
65 832
40 423
64 37
15 343
85 233
26 266
11 320
18 371
35 216
98 380
9 965
98 769
4 630
26 386
13 94
92 893
2 4
11 773
76 765
3 832
77 461
2 551
72 7
13 502
78 738
58 722
30 619
14 837
76 824
14 624
13 2
16 818
89 782
30 44
2 657
28 495
65 949
17 872
51 942
45 152
91 206
65 309
8 315
5 24
70 319
23 6
76 115
100 324
16 365
79 394
65 218
48 89
38 908
68 72
45 285
67 456
66 72
8 290
14 884
61 499
34 959
68 497
21 303
24 945
100 163
6 664
64 177
97 522
16 688
93 885
28 816
48 438
95 55
71 248
18 15
94 92
13 225
12 1022
32 384
74 171
94 231
46 925
83 562
10 466
58 1015
62 173
14 641
78 668
67 312
67 609
30 636
40 275
72 263
80 363
42 189
85 167
35 343
44 825
24 489
14 105
7 592
66 260
88 887
27 903
95 817
91 500
4 162
18 264
84 21
82 46
53 135
60 627
97 279
3 356
8 693
53 222
96 738
34 467
64 384
89 774
57 831
82 604
12 1023
91 392
100 469
25 228
39 648
39 55
91 257
58 670
9 870
63 184
79 348
91 159
60 995
100 908
62 157
31 769
84 330
24 175
94 572
86 376
84 232
22 98
17 839
71 413
41 633
33 243
81 223
13 688
5 309
59 994
49 33
43 620
62 874
18 135
66 172
42 617
79 939
74 891
94 456
24 414
80 876
56 20
82 33
3 266
85 253
56 805
2 974
69 647
67 170
22 220
89 267
32 744
78 525
66 935
52 889
8 20
48 979
43 813
83 746
19 327
58 290
4 259
23 508
26 37
57 663
73 1018
13 68
17 86
13 322
64 548
75 319
95 926
86 606
3 260
35 769
39 300
46 694
55 272
65 440
60 853
82 564
22 1006
40 558
88 200
24 63
15 42
74 290
71 655
51 657
78 197
97 476
80 434
61 30
13 321
17 1013
50 546
56 995
96 159
61 595
46 384
37 81
33 14
74 367
20 240
28 558
12 400
17 931
18 154
77 514
6 405
2 623
47 30
78 454
4 98
76 546
73 680
62 905
74 995
59 337
62 246
94 645
62 903
15 455
92 487
8 505
40 446
52 818
71 697
79 662
70 270
75 250
17 808
50 618
74 376
87 987
46 824
11 243
94 134
37 733
72 640
34 487
57 317
48 535
17 526
53 782
83 355
79 720
67 136
93 916
87 243
79 108
63 461
42 744
18 22
45 190
26 666
4 722
66 956
13 970
29 405
67 228
43 733
63 897
24 235
1 354
38 643
98 520
19 811
11 673
69 691
30 470
36 513
27 289
36 399
82 901
55 960
80 538
96 26
10 511
100 174
33 737
40 302
92 895
20 471
51 920
9 380
33 469
12 532
97 312
2 991
16 709
30 291
58 570
88 631
96 575
29 920
28 596
9 519
82 285
21 1008
68 102
63 545
78 231
64 302
26 981
56 729
73 170
35 886
15 310
49 794
60 273
42 147
48 886
6 310
30 630
65 326
59 656
2 276
54 921
66 403
33 845
19 518
10 101
39 728
78 871
86 269
15 163
76 987
28 57
48 170
58 564
59 393
39 340
8 56
80 221
22 88
46 564
69 31
96 984
83 49
46 232
62 949
46 733
79 417
69 158
34 450
37 56
98 916
7 486
71 630
78 405
50 747
36 298
34 608
77 512
8 63
35 973
87 112
57 897
56 445
90 90
55 750
37 712
5 540
9 588
81 879
20 862
13 935
100 354
42 392
13 150
2 583
22 440
30 779
4 198
7 341
79 69
71 431
17 707
10 953
2 91
63 237
72 384
32 63
73 665
51 578
26 908
84 912
92 830
30 635
3 864
40 289
1 18
47 689
88 665
41 994
47 400
14 682
79 353
41 495
22 175
88 807
94 184
46 381
89 335
84 1015
15 967
23 83
84 997
31 683
25 363
12 367
74 858
93 520
22 769
7 179
75 38
94 1000
21 655
9 209
18 348
51 140
14 477
46 249
42 992
19 62
98 559
41 68
8 453
27 577
17 577
28 115
31 717
14 835
11 446
12 312
65 218
11 58
87 672
78 120
35 213
97 969
31 609
56 138
21 598
70 233
67 445
79 765
17 437
51 484
66 594
59 651
28 222
60 482
29 1014
93 508
38 781
48 972
30 463
5 402
36 798
39 186
23 981
50 355
13 501
22 251
66 609
61 881
54 584
6 698
61 938
49 774
91 632
65 36
2 805
73 106
47 47
91 797
80 217
63 396
45 965
22 786
69 522
3 354
6 980
59 654
62 208
16 564
7 100
75 909
1 11
98 459
58 280
19 61
32 357
32 188
17 78
38 845
39 592
10 680
51 201
14 416
80 713
15 222
8 553
98 692
88 95
58 621
35 356
37 870
9 112
46 1009
25 1007
14 788
74 1003
11 96
95 752
40 586
52 466
64 228
47 913
19 558
8 21
34 358
4 834
11 64
89 236
41 110
90 878
77 791
80 315
91 11
11 374
52 482
35 379
73 833
76 604
18 251
72 519
76 999
20 810
91 249
94 87
22 239
88 230
98 795
88 892
45 586
69 377
64 55
63 752
36 1022
83 229
24 954
56 855
33 51
89 967
35 662
5 656
68 992
9 905
10 405
4 543
98 1012
55 9
27 649
53 930
59 67
18 894
93 881
85 925
100 341
99 206
58 895
46 877
46 722
42 599
2 505
13 68
69 11
64 535
88 836
60 282
3 573
31 899
2 875
71 337
39 641
38 168
23 379
73 348
89 778
26 178
10 39
93 750
61 321
76 708
76 699
97 10
12 116
24 677
46 682
17 157
14 530
32 808
41 344
7 985
21 53
22 355
75 383
12 139
75 340
87 834
22 811
80 261
14 727
1 892
49 925
96 682
23 347
2 315
87 596
43 787
92 412
89 738
30 197
5 472
88 699
6 549
77 101
98 387
91 722
2 187
15 277
5 29
27 310
51 289
65 617
20 529
8 168
78 798
8 94
93 899
76 526
8 253
34 209
95 429
54 892
67 528
44 459
8 766
28 898
83 649
54 82
5 494
13 394
51 613
20 511
19 255
45 910
51 638
34 121
54 1024
92 657
59 131
43 59
9 859
80 927
67 422
96 635
47 232
56 157
80 491
43 307
22 679
76 228
17 286
69 334
1 336
94 811
51 57
81 339
59 801
49 373
94 224
51 88
3 1010
88 275
33 910
33 198
17 772
29 857
73 773
6 317
13 132
36 551
88 972
21 78
28 105
74 945
16 432
12 782
81 251
4 893
33 612
22 701
100 491
85 392
51 698
97 323
89 812
77 1016
51 737
73 483
69 518
3 144
73 411
6 342
69 957
70 797
1 276
1 904
94 1005
71 1004
27 979
11 483
54 151
43 501
36 543
87 704
65 361
92 985
7 749
42 408
9 512
76 201
7 653
8 528
65 351
47 287
1 809
58 47
48 220
63 823
18 505
90 798
89 325
23 612
29 36
23 730
79 174
98 309
78 1010
36 435
40 319
85 640
43 466
46 38
45 208
24 423
60 338
48 553
94 954
48 711
86 134
64 512
19 321
1 109
70 632
43 641
22 239
1 29
21 942
6 365
58 926
79 837
95 983
17 900
96 504
62 877
85 1001
97 944
38 161
4 603
36 570
16 718
72 476
74 488
65 811
61 518
60 615
91 950
17 695
94 461
23 387
45 811
84 677
62 661
89 757
79 605
62 458
34 86
13 19
29 302
89 401
51 517
80 125
6 564
100 243
8 994
10 313
80 993
97 486
65 802
58 867
62 520
41 679
5 209
5 153
34 501
74 305
93 545
25 435
48 224
1 84
97 282
12 973
54 360
70 878
97 651
65 518
46 1021
56 750
61 868
35 715
5 432
79 337
60 423
47 35
31 424
66 839
9 513
55 955
89 196
32 1009
51 504
47 992
52 674
50 705
14 596
59 862
95 389
66 978
43 945
64 433
12 106
4 24
10 10
34 466
34 762
87 28
13 953
35 741
86 712
29 95
71 815
68 285
75 106
22 989
46 226
94 369
19 645
80 948
6 346
30 859
83 840
74 323
100 881
11 345
44 459
36 851
77 371
83 427
36 349
20 501
42 789
41 904
61 237
39 38
90 192
5 664
35 758
18 774
38 1
71 158
67 534
100 708
60 94
46 356
38 501
80 1015
29 701
90 673
45 697
7 494
48 583
57 895
40 94
68 930
54 738
15 553
95 46
16 127
47 345
54 581
30 313
15 86
5 441
51 925
85 445
86 1000
19 526
18 318
68 490
39 713
75 285
93 450
70 476
80 469
73 33
53 642
65 595
11 334
23 461
22 123
69 628
43 907
53 968
97 748
49 423
45 636
92 677
97 13
49 636
29 949
60 505
26 1012
100 268
97 86
1 555
33 609
78 307
8 286
38 692
2 683
42 446
62 797
86 354
98 226
37 266
58 632
59 715
23 846
23 940
83 687
90 115
43 627
93 762
100 671
57 921
69 519
50 622
35 440
43 76
21 939
62 815
26 88
13 140
81 463
71 839
9 524
30 396
30 350
5 14
8 562
34 324
12 252
9 346
19 895
82 331
81 763
21 330
14 626
58 758
20 524
8 189
92 501
36 149
15 716
2 846
53 72
50 308
19 66
14 1013
61 51
31 745
41 440
51 638
85 520
99 104
39 942
36 42
47 875
3 245
63 352
34 819
39 211
83 745
93 756
49 213
94 28
97 594
31 1007
39 507
10 577
74 521
94 902
30 912
32 752
56 294
88 198
13 502
24 191
87 684
94 955
24 727
18 829
20 424
71 502
18 289
46 516
81 547
53 346
35 120
46 566
82 153
31 502
10 147
92 876
26 613
35 702
23 764
22 610
4 292
3 69
76 140
12 364
90 976
70 96
100 783
18 485
47 400
30 564
6 653
56 352
57 198
33 555
93 534
72 100
49 226
69 381
73 752
32 26
96 429
42 775
67 783
31 97
58 196
73 704
32 52
47 64
69 59
18 185
36 757
61 392
66 453
60 322
60 492
3 883
96 468
5 83
54 867
79 384
46 839
79 885
78 93
16 114
55 541
59 742
25 583
25 230
47 881
31 190
80 898
17 243
81 681
41 567
8 504
50 561
70 1012
82 184
4 345
45 230
86 595
51 134
21 55
52 163
63 914
29 258
19 401
69 104
65 825
86 580
28 595
29 622
14 538
97 661
10 77
26 743
44 836
57 824
2 216
87 801
93 315
58 892
59 534
63 771
87 640
99 638
34 443
15 791
88 15
63 837
4 292
44 763
15 408
66 992
11 524
32 727
66 802
66 528
67 564
51 645
27 601
71 388
27 493
58 998
48 580
14 599
11 341
53 973
8 898
45 346
22 684
73 211
69 642
63 772
66 1013
44 360
65 650
4 607
51 901
8 626
33 365
4 303
78 536
72 429
25 168
7 806
47 823
85 288
68 731
7 621
11 426
77 283
16 704
17 170
92 444
19 12
96 994
23 489
29 566
62 913
13 668
3 559
46 687
78 905
85 880
98 87
38 458
73 333
57 233
22 716
64 272
28 459
13 18
84 745
95 841
49 291
64 303
69 949
37 671
25 357
86 306
19 807
99 811
27 899
79 616
59 694
39 294
5 103
87 52
47 893
36 456
39 351
98 1007
59 723
9 79
59 155
9 498
17 123
68 52
66 303
43 588
44 530
61 100
88 167
39 455
27 18
34 193
24 643
27 642
69 828
69 396
30 81
57 918
83 152
93 200
74 612
75 426
73 643
69 748
81 676
46 843
33 63
75 37
62 186
42 22
89 374
61 970
86 285
67 657
93 808
20 890
99 619
87 511
29 816
82 22
15 412
20 135
58 875
7 155
48 849
53 24
58 593
57 652
82 831
16 290
86 115
43 1008
81 446
6 970
37 728
75 703
67 830
1 588
40 1008
47 715
56 919
26 5
15 706
60 340
57 939
73 102
14 784
78 762
97 579
7 441
70 673
87 396
27 955
64 134
94 702
57 745
64 562
66 58
68 381
78 756
4 2
69 325
17 942
62 989
81 769
49 778
53 523
90 895
74 109
49 367
66 853
20 381
90 837
58 633
13 835
32 488
37 197
84 597
50 874
22 610
18 966
84 10
9 513
53 918
29 909
100 406
57 347
74 102
55 199
55 352
66 74
83 846
90 627
58 384
16 979
21 69
53 332
6 361
80 982
42 440
62 513
5 578
12 606
68 1018
9 390
33 814
63 160
31 733
86 28
44 237
71 60
37 903
72 382
83 211
4 492
63 181
68 471
39 839
97 414
45 857
31 153
82 241
44 256
97 73
51 40
33 265
56 613
43 491
15 381
81 310
52 327
86 852
62 224
50 850
33 474
14 415
71 303
8 938
6 604
99 840
96 295
29 743
52 223
81 878
52 909
35 451
56 652
26 1009
48 944
26 488
69 491
95 1019
85 534
9 326
57 919
1 756
37 221
6 72
4 682
5 23
51 87
61 778
63 751
26 590
14 571
41 38
93 955
25 829
88 965
22 577
91 270
48 23
3 782
19 934
43 19
64 1005
66 404
2 844
62 495
41 799
81 461
9 77
68 869
5 855
17 10
51 643
100 715
85 770
56 759
11 910
30 610
95 883
49 624
26 119
75 86
89 135
50 729
80 937
81 92
76 357
62 150
7 381
28 640
66 311
98 804
85 127
1 63
25 377
74 686
15 780
19 388
55 293
100 102
37 665
69 972
33 294
42 996
42 961
35 799
4 984
34 444
63 966
18 71
39 167
89 813
43 503
56 837
27 268
34 1000
40 106
79 928
84 20
63 49
41 485
36 204
85 401
35 531
7 128
37 661
98 333
97 216
36 625
40 606
12 965
29 799
27 504
74 446
79 577
90 479
89 317
14 481
98 304
71 36
3 588
100 725
36 120
92 731
4 968
85 611
4 893
17 954
20 63
43 895
31 869
69 675
9 7
92 878
34 118
13 741
21 584
89 601
64 356
79 423
11 619
82 183
76 394
48 859
40 487
97 70
27 54
41 491
100 876
45 369
97 233
21 674
21 525
26 496
89 556
2 155
19 927
17 638
33 449
92 752
59 177
46 241
6 542
71 289
21 51
89 361
24 742
86 76
70 259
79 98
19 464
13 965
15 589
34 663
97 25
22 947
17 187
43 430
56 894
30 96
32 351
93 203
32 466
50 309
93 848
63 515
60 659
51 654
55 8
24 236
12 681
62 233
16 321
54 571
22 356
99 109
54 99
60 773
24 589
89 264
89 463
78 700
29 208
25 320
15 620
91 247
96 712
59 119
8 116
86 197
47 332
82 152
30 617
88 993
1 981
21 593
83 1010
92 516
78 596
99 408
67 365
70 467
92 108
77 60
92 250
28 694
1 561
42 1010
53 745
35 334
9 187
46 96
4 170
7 365
57 421
25 956
97 402
90 836
74 982
39 733
32 127
6 788
31 223
62 840
80 728
89 644
2 50
83 61
23 325
38 984
97 174
55 505
59 288
33 60
61 187
100 452
93 170
76 1000
56 989
7 335
36 963
27 581
28 693
93 207
50 42
82 738
95 56
91 790
31 535
89 587
97 617
35 10
98 230
13 153
98 799
40 885
13 442
73 724
26 57
94 103
99 71
73 313
14 35
50 468
37 927
35 265
31 45
74 280
82 258
80 467
56 919
15 768
36 767
64 446
3 373
40 921
36 364
50 569
26 287
45 966
41 43
51 707
51 480
50 360
62 394
62 769
100 128
41 624
14 980
1 692
12 592
21 771
4 798
100 329
20 328
47 249
74 477
83 456
72 917
59 669
14 616
54 573
47 926
4 612
49 216
79 184
96 867
63 739
68 246
31 700
57 313
52 942
73 878
57 721
70 163
81 31
38 778
52 496
79 775
47 535
11 361
91 774
24 649
56 843
66 530
34 442
15 441
55 607
23 731
35 40
29 668
79 646
1 674
1 76
36 199
10 390
71 304
55 762
4 626
89 821
100 74
90 974
11 596
52 809
6 859
28 170
6 918
51 922
39 931
89 991
97 583
24 664
50 495
65 814
92 981
22 227
79 848
56 545
59 732
73 721
98 152
2 43
58 681
60 612
55 937
22 692
99 934
23 356
76 731
53 499
92 755
10 718
42 901
10 996
76 566
68 149
81 558
27 762
26 131
34 800
39 927
35 537
52 797
88 215
96 13
98 167
19 415
8 320
27 97
63 899
50 983
27 354
4 214
68 729
96 441
60 386
59 971
74 155
3 789
93 222
5 58
36 543
52 247
86 763
63 129
33 1004
31 659
42 602
16 425
14 191
65 809
48 183
19 473
37 474
38 706
23 14
23 59
69 211
5 394
53 648
6 585
31 608
95 960
21 67
36 490
25 200
11 833
27 5
97 719
54 518
44 149
80 139
39 64
93 511
5 297
14 979
81 761
50 75
20 747
89 32
60 398
59 486
90 613
3 486
100 968
24 707
36 511
61 298
2 169
69 6
49 942
20 321
78 522
60 350
44 536
57 455
65 611
25 114
52 407
96 507
34 579
45 442
21 10
95 638
10 523
79 643
49 603
43 94
72 334
27 343
54 823
21 778
50 713
28 609
23 467
51 445
41 279
30 85
52 600
34 466
43 340
76 539
62 22
68 17
72 51
99 201
29 132
46 258
16 845
30 939
95 956
51 307
27 220
47 498
59 88
43 917
92 22
43 345
88 39
38 399
57 720
35 961
59 552
63 671
5 36
17 659
24 943
86 178
50 332
31 956
12 614
61 847
95 255
7 678
65 528
92 381
84 650
6 50
10 512
68 550
63 280
64 514
6 125
39 335
81 342
67 876
99 91
46 565
81 864
27 638
100 270
70 591
48 311
76 73
46 336
74 345
83 805
98 813
38 525
95 362
10 389
61 796
39 910
52 824
9 554
69 92
100 430
42 719
65 298
7 538
13 388
74 223
16 716
83 73
60 134
22 57
90 646
80 1001
39 163
100 256
61 212
7 516
9 5
58 357
66 1000
87 934
95 752
76 530
83 143
67 658
40 12
14 797
22 541
9 164
28 548
59 396
31 766
51 376
14 96
64 47
23 602
60 433
14 87
30 772
97 540
90 504
36 95
17 185
52 25
20 315
37 767
70 307
96 596
6 253
79 390
91 761
23 254
21 296
88 106
84 569
50 449
72 173
79 324
97 154
17 704
60 921
46 153
23 953
100 885
1 414
2 479
34 216
96 318
12 48
8 555
72 45
19 663
45 521
87 573
31 311
8 118
59 698
23 409
46 1018
61 807
56 518
41 557
38 993
95 221
24 274
47 631
62 753
41 534
65 231
98 923
29 333
89 747
10 287
20 632
36 400
54 687
42 674
80 627
34 70
31 657
79 597
3 660
93 532
97 573
70 250
4 279
2 488
89 588
6 132
19 29
88 608
84 425
69 935
11 899
40 873
11 322
17 794
9 769
9 125
17 38
2 788
32 955
15 317
18 1024
80 712
13 979
63 744
99 552
62 405
38 633
1 956
70 697
65 910
77 1
86 758
55 383
69 354
93 772
6 831
55 94
2 799
56 813
18 427
48 147
67 765
31 60
36 708
36 397
81 173
25 602
10 435
52 426
17 273
13 434
59 944
11 596
90 575
76 212
25 723
38 807
11 113
10 135
72 598
99 389
10 927
18 675
6 950
100 102
18 249
47 276
84 38
87 885
28 231
84 588
37 430
94 392
42 212
46 337
1 32
17 554
22 691
32 271
56 279
52 813
47 907
52 694
56 934
7 531
52 626
86 69
63 463
40 572
86 985
21 458
32 609
99 949
71 190
84 890
65 567
2 995
85 741
93 368
43 195
26 790
40 991
86 851
94 293
10 79
61 282
69 244
19 523
1 141
1 364
19 157
70 684
75 355
25 791
98 27
17 596
64 781
86 650
15 991
26 1004
62 171
58 582
82 128
100 582
68 792
17 274
68 851
10 51
45 334
13 902
4 802
65 151
42 11
68 140
81 718
31 22
84 380
75 277
15 683
99 775
78 779
24 374
5 981
92 785
22 240
43 649
37 111
96 574
9 575
85 98
8 832
35 131
55 722
8 694
88 242
8 829
24 467
14 601
16 601
81 713
13 1023
14 857
82 113
31 230
23 95
83 955
30 446
25 89
79 468
58 522
89 201
82 705
95 504
45 66
4 641
51 920
100 92
17 749
76 135
74 890
61 281
32 131
78 881
79 868
88 1000
73 9
52 690
45 842
53 993
12 249
65 662
72 224
29 896
48 956
86 926
53 235
82 617
93 907
41 583
66 796
58 90
60 733
95 492
58 948
44 433
56 45
82 315
28 822
19 216
65 192
1 550
54 298
54 790
44 614
68 929
25 905
50 165
37 772
92 139
95 92
67 866
48 641
81 403
10 343
2 167
6 734
92 960
35 857
9 186
42 49
38 830
5 83
54 542
83 626
92 525
33 226
79 852
58 523
54 280
9 848
42 374
9 137
77 564
81 10
25 414
14 839
39 1010
1 189
63 751
42 182
64 506
64 618
53 249
4 562
88 980
65 973
29 942
65 638
69 53
43 205
18 704
7 685
25 940
5 192
94 662
93 917
19 780
2 475
29 625
32 532
20 397
49 909
70 565
6 794
62 144
34 59
55 1017
39 511
100 591
70 573
88 51
2 370
22 975
32 834
60 856
70 131
12 822
79 541
