4096 3500
15 3454
17 2599
54 1398
6 3601
72 963
85 1326
58 832
23 3300
76 4055
36 3514
10 1089
41 164
43 1207
48 841
41 2662
85 587
83 2029
77 1569
78 2510
81 1902
45 2757
71 2102
8 513
41 763
95 1153
40 888
65 1221
8 531
91 3003
19 1995
28 1883
90 3587
3 1670
51 3241
100 2131
82 3556
48 176
1 283
48 2865
42 1159
21 1225
98 2161
13 3097
43 776
64 4061
38 3571
15 1255
57 1662
45 23
54 3008
42 1851
91 2945
90 4027
95 2713
83 176
79 2716
21 1821
40 3845
37 3471
88 2824
47 3294
95 1186
56 1263
35 3376
62 3652
47 3439
74 657
43 3431
79 1417
99 3382
29 1822
69 2993
58 2780
33 366
94 3265
46 1493
50 1392
58 2913
46 1428
57 3939
79 383
13 2388
44 1471
66 1626
48 3768
87 384
45 2911
24 1038
67 2020
100 3748
80 497
56 3649
88 3821
34 445
56 562
44 2134
48 3568
89 1983
63 2146
65 3830
70 423
85 3310
62 3492
68 832
67 1655
91 2603
63 1627
75 4038
63 524
86 2503
53 673
4 2029
85 965
43 1087
50 3523
8 831
62 936
85 3183
3 296
2 1745
22 400
19 4
42 2406
37 3377
5 330
75 4014
55 2322
62 1147
74 1860
89 2300
63 3052
94 1136
39 3174
98 221
85 139
13 1322
94 2216
41 2564
77 1269
92 3453
3 3626
94 2601
95 1219
99 1041
11 1883
96 269
82 2373
48 728
71 1625
64 823
47 2912
13 2300
11 3469
79 1555
34 2610
72 2240
87 185
96 3990
72 394
54 386
32 177
58 3113
41 2057
36 3999
53 691
18 1347
78 2870
94 537
86 317
79 2883
94 3002
58 969
67 1769
66 494
50 1795
75 341
23 1532
45 423
88 3196
26 3172
82 1051
42 3392
76 4067
52 2065
59 1922
32 3213
32 1877
37 4014
46 946
91 1711
76 1289
28 614
48 1408
60 2311
56 1361
26 297
31 1807
52 2234
5 3519
19 2064
85 1054
68 2172
94 1264
69 2479
9 2499
38 852
75 2145
81 2510
40 2500
8 4059
29 2109
88 2175
3 3947
17 1595
94 515
22 618
40 741
97 401
96 781
24 116
27 2973
87 2969
77 2431
74 476
11 2105
67 599
65 698
1 4031
44 3085
77 3917
55 1091
66 1070
91 3226
79 3835
30 254
42 3188
14 821
8 150
99 3441
61 4085
13 1063
3 1565
32 3360
47 2308
72 3028
64 1851
26 2566
24 1852
95 294
6 1605
55 1444
32 3772
80 2756
61 1418
24 450
43 3549
52 1993
65 3272
100 2516
11 3604
87 3610
54 1468
55 181
31 3774
83 813
78 1021
88 1977
61 423
52 521
100 2736
46 3246
64 2482
91 3204
33 2398
91 3139
65 3069
68 3262
92 635
99 3759
76 3917
63 1593
73 2730
65 1537
72 109
6 895
96 3027
17 935
100 1187
38 3068
48 1665
26 1393
57 666
34 1077
68 4000
75 1611
68 1213
47 565
90 2675
25 2997
31 62
35 1530
85 3935
36 404
57 2506
68 513
2 1485
21 710
38 2462
10 3449
42 2524
51 2089
24 69
1 3581
12 658
77 1430
59 2276
20 3807
14 1327
31 3139
80 3586
79 3905
94 1459
43 3124
8 2304
40 2189
88 3439
10 371
91 2834
28 2154
39 2336
48 114
19 2447
44 2629
25 4034
55 3509
23 1225
37 401
87 3835
52 2506
83 1903
95 2774
33 780
32 656
65 2999
77 3008
67 2296
1 1753
94 2944
17 323
70 1955
23 2308
59 3051
12 1765
90 2135
91 736
6 773
93 1186
88 2556
13 1068
87 554
55 2697
17 3099
89 3495
55 638
81 732
32 3551
19 1675
65 1651
39 1198
97 3613
29 3726
13 1345
44 1840
49 2656
56 1263
1 2886
91 1962
21 215
80 3835
40 1080
50 3444
66 3508
14 3038
50 364
88 751
33 2072
4 169
89 1195
1 3221
7 820
75 2963
17 249
76 1497
47 2187
63 1315
66 1704
10 3799
32 1683
65 2177
78 2880
31 1926
19 3307
59 175
33 7
47 159
66 3781
98 434
89 3949
23 396
80 3165
26 1209
49 2371
80 1888
61 3652
12 2002
47 2895
100 3289
29 1926
28 2509
68 2762
4 2757
47 1693
66 2379
73 1024
74 3584
25 387
49 865
85 1608
4 2713
23 2719
35 3597
9 450
89 3621
95 2156
2 210
42 605
98 3268
5 2059
26 3841
55 228
33 3175
2 4025
55 3371
60 2694
83 2698
72 2605
54 2833
6 890
21 1332
10 294
17 3867
78 410
90 3194
81 491
63 1455
18 2171
65 1332
27 475
58 3634
76 2592
71 387
61 336
83 58
69 1480
70 174
77 2930
80 2671
52 2981
40 1712
36 610
18 93
100 3698
24 782
52 2029
15 3243
25 2553
77 1625
12 2752
54 17
15 3071
10 1907
61 134
49 1148
10 2249
47 2489
46 1928
2 1542
45 4005
75 1604
10 2642
74 2462
78 282
70 3986
61 1671
74 3167
98 95
70 2550
76 1458
73 3342
10 2459
82 2468
82 219
53 1818
64 2235
73 2065
68 74
58 1878
99 419
91 3388
53 1672
86 2734
50 3435
11 1994
25 787
11 406
53 2972
89 3534
31 2785
63 3318
20 579
18 1703
84 1715
88 1007
5 1250
94 125
93 2755
11 591
86 4045
68 2890
56 3822
95 3980
73 2072
98 1791
28 576
48 1683
99 2297
38 1806
91 2869
16 2047
3 3109
56 2943
40 934
89 3861
90 2020
38 1617
85 1852
57 346
67 822
64 587
65 3148
93 2551
76 1558
97 1263
7 3072
17 353
25 1384
55 3852
41 2732
92 3199
51 2173
27 2400
12 2219
97 3851
40 784
25 341
23 2609
71 1183
99 3151
69 401
31 1657
65 115
9 4047
70 1261
14 3485
31 3337
41 1082
4 1488
96 288
82 2244
11 1582
44 906
27 1378
84 165
81 436
81 2559
88 1317
69 1036
15 2542
97 3949
54 2659
97 3490
40 732
97 2944
51 2123
23 2089
88 3674
46 3798
31 985
90 1387
84 430
77 3512
18 2521
19 3013
38 2747
13 2895
46 1957
36 953
60 3169
72 3706
67 890
74 802
63 596
72 1422
100 369
8 3000
35 2657
7 2544
81 2865
84 2047
44 228
9 2825
60 3133
77 775
81 3577
32 3399
46 2082
52 837
25 607
6 160
36 969
11 1774
97 1477
73 610
46 1681
48 1761
56 3500
81 4092
4 169
86 644
9 1154
30 19
23 50
67 1815
56 3112
26 1631
36 1037
64 3609
57 3625
14 2758
45 2777
94 3116
68 910
67 620
35 3881
7 727
74 1209
49 76
22 1599
98 1913
42 3863
72 598
11 2851
14 3316
71 231
73 3587
39 2399
67 1090
92 1621
81 290
41 2972
21 2342
76 1761
65 1341
88 210
77 3973
37 2700
10 779
35 583
66 3833
53 1975
24 3819
57 1834
53 3584
78 2521
26 763
72 794
36 1479
66 1425
47 1817
62 1976
86 1610
75 2167
49 2033
22 2386
70 3562
56 997
17 540
86 1
12 2187
53 3901
33 3917
86 1957
75 3151
69 22
8 918
49 2565
32 2575
43 820
88 3384
97 2281
38 3469
1 2038
16 2010
26 4035
52 462
67 3049
54 340
5 1581
7 193
2 266
58 3598
62 3637
76 3464
72 2587
68 3565
23 1505
21 4047
14 2848
12 1483
15 2060
68 2529
100 2226
89 1920
54 2263
28 1311
12 3221
8 1261
26 2887
28 3121
2 3379
17 2148
55 1429
99 232
25 4058
58 2967
25 3658
75 3032
3 171
27 1496
9 2966
14 864
43 3617
44 756
59 2752
68 3784
70 2369
84 2821
73 3934
44 3977
43 670
91 1820
83 150
91 2017
80 1610
92 2753
75 2221
60 2569
29 1644
36 51
79 3104
47 2332
40 1574
24 1076
15 12
13 1209
73 3803
24 911
20 3783
91 176
36 2342
40 1774
38 2447
79 2206
6 3570
4 292
21 1994
84 3952
35 3679
76 881
78 1888
6 274
42 1021
56 1450
47 14
65 2002
79 456
92 2820
54 4022
85 2896
87 3185
95 1976
42 1714
19 553
89 2762
77 890
85 3522
16 2147
15 2347
92 1153
69 1124
95 619
11 2834
15 384
59 271
27 2157
91 2370
4 441
3 1867
61 1283
20 2425
9 1085
71 3336
83 2297
46 2730
49 3946
33 2507
65 1335
80 3907
10 4002
81 901
35 3536
62 2098
56 3256
64 872
59 400
4 2615
40 1050
42 618
62 3439
99 2699
5 3103
53 3757
77 2353
99 2058
22 3647
26 224
2 2131
98 2965
55 2189
24 1733
44 3036
79 4071
5 2104
56 3335
58 3938
29 638
88 3045
82 3284
17 3864
54 3559
11 107
98 2404
70 2007
21 3528
56 1012
88 2687
75 1414
86 4036
37 3253
50 866
47 1114
60 1942
10 1801
2 1363
73 2375
69 887
85 510
98 622
13 466
29 2616
66 1216
22 1428
33 3867
23 2049
100 544
19 2022
49 322
83 1719
70 996
89 3690
42 3905
76 1755
26 3770
32 2834
43 2429
9 1616
80 2559
52 2177
89 314
85 1256
46 3043
85 2514
32 3144
56 1390
55 3216
95 3413
4 1463
75 3342
96 3446
19 1274
22 3432
2 1326
62 1837
66 126
26 3630
90 3007
57 562
69 1844
45 1560
89 3748
20 120
100 3703
6 38
4 2717
83 931
94 1165
2 2783
58 2159
47 1895
16 2673
24 3665
47 4004
31 3007
20 3835
39 888
30 1150
43 2453
84 2588
54 3704
4 1877
62 1102
45 803
92 1434
29 311
24 1148
15 659
1 469
31 847
28 2318
9 3946
9 4071
79 116
19 1754
55 821
1 3911
61 1898
56 1641
76 703
58 1564
41 2305
100 3995
31 3428
20 3529
34 3843
62 762
16 859
32 594
26 3163
7 3676
75 3708
38 2583
73 309
43 113
96 3200
56 2024
84 291
95 274
58 2290
27 3895
12 1456
85 1631
62 1296
24 3287
70 474
19 248
93 2260
82 1594
5 2956
66 3580
27 3381
39 3466
80 3429
76 3293
46 3446
80 3657
93 3652
39 3119
35 3414
45 1213
96 1079
100 3972
75 194
5 1811
61 3174
82 1112
43 2800
97 2034
53 124
62 3754
25 225
59 278
8 409
76 631
11 1608
51 3614
39 3302
97 1929
35 862
95 2548
23 936
83 2397
99 43
38 1771
55 1564
53 3735
44 647
100 1568
11 3311
98 781
51 4040
30 3509
49 3787
53 2644
80 983
31 490
26 657
19 1556
47 3220
79 865
59 659
32 2475
45 419
58 2359
10 2143
80 456
54 3437
100 1234
87 1208
89 3678
2 875
72 11
35 2958
6 2230
97 796
34 2768
66 3597
62 2758
48 1091
17 3649
25 64
68 1222
8 3971
83 2531
22 2236
64 3271
94 2183
53 545
24 750
14 3125
94 1771
80 2999
64 2941
21 1191
63 2681
19 3167
36 750
68 2147
56 2746
89 1705
25 2693
51 3995
39 63
3 1823
12 3216
87 2357
14 2646
16 2161
10 2920
39 1424
28 4093
62 151
46 785
57 1369
82 2878
77 319
50 3951
81 2252
81 659
2 729
98 828
1 667
57 248
40 866
7 2082
41 574
39 2782
96 2824
82 3021
37 3000
2 3169
74 3275
92 3534
42 2940
36 1408
20 3969
35 2657
95 1612
92 3366
61 1975
16 670
32 3430
55 3272
41 2921
84 2253
52 3997
94 1045
39 253
30 508
60 577
75 2764
1 54
4 987
53 131
33 45
45 1608
18 557
5 69
56 3097
61 1927
26 716
27 2579
40 905
55 2241
44 1926
37 3327
97 3265
80 1916
83 948
99 411
100 55
66 1706
19 2958
42 342
19 666
16 3212
69 4094
14 3140
6 428
80 2314
33 4
20 2946
52 827
33 3422
34 2811
53 2765
26 1754
2 3476
92 2147
22 2574
48 1989
5 96
31 3382
75 2888
37 422
89 2065
21 2648
2 3692
10 1679
10 1151
69 2754
80 3258
83 193
90 1026
28 2359
87 1055
99 1191
43 2237
12 289
17 188
23 2133
69 1135
65 3166
19 62
60 3748
21 1141
45 1032
74 2815
84 2939
53 3563
77 3343
86 1452
82 1672
4 913
48 620
93 2670
77 3353
17 3437
86 439
18 3170
18 614
26 2494
41 515
88 2869
18 956
87 558
83 2856
69 640
3 1601
8 2391
96 2652
72 876
64 672
68 234
26 3714
47 1199
79 3616
56 1876
74 808
48 3487
87 2982
85 1965
58 1957
84 2172
81 60
62 1681
95 1430
52 523
25 2772
60 3211
9 62
97 2619
29 4005
10 3710
48 1045
45 2478
91 3049
7 1672
37 2950
11 370
85 213
46 1624
10 509
42 3742
20 2901
40 1572
10 3169
67 2542
41 492
43 3792
85 1159
25 1467
71 2519
26 1020
73 2884
25 285
12 3438
88 641
18 4053
59 3130
33 3142
17 1722
86 699
31 1194
63 2322
17 2727
64 3062
25 3591
76 3234
42 2856
89 1902
57 1021
87 952
25 1092
77 1947
93 3765
85 730
3 3206
44 1557
100 2618
10 1192
4 3262
9 1344
60 1641
29 3269
84 2502
70 3540
22 2316
88 1086
11 1304
33 3532
76 4025
65 2362
90 1592
15 3437
18 3700
57 1361
49 689
1 1524
1 3185
60 2729
50 1769
28 1015
36 2567
21 3395
34 1037
54 746
73 2994
91 2
29 2929
3 602
33 3971
19 1301
75 571
41 2892
99 3520
64 1249
33 3695
71 1180
62 267
70 1939
95 3307
8 2267
92 1695
81 2693
7 1611
18 3059
93 1160
72 2047
6 3088
46 1389
15 2365
5 3703
4 803
19 33
18 1264
11 2372
63 559
31 2678
69 2811
78 2779
97 472
14 1809
83 2005
59 3361
48 601
45 3506
65 3289
13 832
75 3899
84 1064
70 2835
8 1540
13 3978
90 1549
52 1395
7 3016
14 1972
92 3497
8 486
37 875
58 3413
21 4051
81 3397
94 2599
15 1650
51 168
24 3002
68 3780
99 1829
20 1478
27 1462
53 993
50 1124
41 3313
45 3153
64 2695
9 376
29 977
68 3434
47 2874
3 3141
17 1374
58 652
65 832
44 2288
57 1607
14 2705
15 3087
4 2991
71 1341
83 2394
55 419
21 2587
83 2444
8 873
21 2911
30 166
88 1963
73 1245
95 3297
40 1007
43 3185
64 3405
67 3443
63 382
19 249
23 625
39 1448
59 2061
83 1039
1 1016
81 2850
93 40
69 1997
24 3511
37 720
65 2003
68 36
87 1983
47 3609
24 69
97 1042
90 427
93 3904
59 2284
18 1324
83 698
41 383
18 793
91 2021
23 3576
56 628
58 2548
19 2793
62 45
97 2797
82 2066
34 807
32 2231
22 883
6 1460
2 3716
41 2282
62 2894
3 2380
3 3281
83 3558
68 3341
85 475
89 2442
3 245
34 632
82 884
58 706
46 2052
56 3531
23 3793
90 1571
50 3151
25 956
6 1187
81 3293
88 4048
81 2657
86 477
70 945
5 2144
24 3031
23 3014
52 2044
13 1227
22 383
15 531
1 2900
13 2321
20 1018
3 3996
58 59
99 2750
15 277
10 3716
25 3947
91 2796
5 693
33 2520
36 2681
14 117
83 572
19 920
43 231
12 3230
1 2651
13 1462
9 2980
48 1327
100 3341
10 380
75 2709
27 1975
17 792
86 2041
56 47
13 2439
30 2804
78 4089
14 2501
38 186
7 2255
24 3763
18 1763
41 297
83 1939
44 102
55 3850
88 3951
81 2474
27 4017
76 4052
79 3138
71 1620
82 1696
48 2255
2 1079
21 3529
73 1550
51 1738
6 2201
16 2521
42 130
71 282
92 2819
55 1879
39 1178
10 1001
87 496
28 3348
67 2644
39 4072
34 1919
96 370
1 602
71 1218
31 1686
59 1008
7 1917
53 1799
31 4043
69 3378
41 1414
42 1343
9 2902
47 3
97 2101
47 1074
47 3482
87 3391
92 3550
5 2790
95 155
97 2954
43 990
52 2709
8 236
46 2060
49 2272
27 3557
61 3997
35 2525
61 3537
90 1923
27 944
58 2910
85 1730
43 1536
76 1303
33 3954
40 1048
94 3228
7 460
99 2931
31 497
15 3807
1 1853
51 2397
34 1736
20 120
19 1441
29 3076
90 535
87 957
61 907
86 33
6 3379
100 3236
22 354
70 2472
75 364
94 1247
84 320
88 3509
87 3867
28 638
87 2560
61 284
26 131
44 835
17 2053
39 2990
59 30
37 1077
87 102
84 1233
89 1634
88 2680
25 2027
93 4008
85 1624
17 3007
76 165
46 3181
75 433
39 1331
69 785
16 3819
66 2352
11 1197
57 251
17 2917
28 812
20 3836
82 3592
15 538
84 199
36 1207
11 2737
11 657
21 210
79 1557
78 2210
72 1808
97 2078
48 2917
80 1336
49 115
72 3237
11 889
32 3601
19 3851
12 874
25 66
87 1252
11 2683
37 2709
52 2454
35 1423
9 1287
56 3168
36 1732
24 1844
46 2555
4 1700
99 3716
85 773
54 908
23 335
69 1161
18 1695
19 3046
72 3986
19 1130
96 1568
88 716
87 2523
91 1046
59 196
56 1254
44 2947
53 3100
23 247
23 1269
89 883
57 2166
74 2176
11 2885
49 2517
2 3377
8 2333
48 627
64 2442
56 1030
25 1176
87 436
18 3156
47 3744
50 3445
89 3982
64 3345
47 2809
72 3165
33 3489
37 1514
65 1573
26 2764
43 509
1 3870
14 3745
61 3821
97 974
44 3619
22 2185
16 1538
34 3199
6 24
67 2210
88 3507
50 676
36 274
24 673
29 350
2 49
64 2719
57 1072
19 3877
6 1226
48 2667
58 2271
88 1383
93 893
74 3283
22 497
61 607
89 3616
88 3420
8 3916
30 1373
96 3893
28 3661
20 2438
57 2913
12 2744
3 2977
18 1590
64 2290
35 1669
72 1488
50 72
31 3338
31 2974
53 3879
86 2334
51 2661
26 1150
37 2998
80 1570
22 3155
1 3297
11 1135
66 2298
32 3272
11 804
12 2036
87 2758
1 466
63 3937
8 332
39 1402
33 208
40 1121
61 2043
66 923
9 2907
59 3135
37 912
45 3368
80 1207
23 751
70 950
36 422
27 1046
26 1662
50 2436
43 274
80 1518
54 1752
52 4084
26 564
38 2796
83 2838
12 939
45 3795
85 2184
85 1290
77 3956
75 451
69 1972
88 2282
68 1078
3 2955
12 3949
38 2059
80 3284
75 2733
51 2225
94 1594
87 3582
56 1211
57 1740
28 705
59 114
39 2504
5 3266
97 2396
56 3244
70 2843
8 1864
33 2935
75 3427
55 3033
67 3044
39 621
89 1822
27 102
34 234
82 1064
7 1961
71 2432
98 160
35 1377
19 1985
75 2402
64 928
64 802
66 2810
62 1813
17 268
89 189
46 168
2 1555
69 1096
22 748
56 2089
39 89
64 3909
10 1554
29 1588
59 1548
91 1098
81 2773
91 2087
93 1567
46 2921
63 347
48 2045
21 3489
48 423
44 2099
39 3318
7 662
58 3652
35 831
52 2073
30 3658
70 631
2 2980
57 2822
18 974
27 2204
93 638
44 3221
42 3291
7 169
97 2057
18 3480
98 2520
23 836
14 82
80 1631
68 1981
57 1977
60 881
15 1313
67 2349
9 3175
18 3668
75 3016
47 1846
96 59
78 2574
50 2524
93 2477
63 250
98 2171
4 2201
43 45
86 919
77 784
31 2779
92 1651
5 2021
43 60
72 4085
13 28
83 1710
85 3585
21 3597
9 3496
86 426
30 1629
23 1624
1 2708
78 2598
59 677
24 2526
51 3137
62 3549
12 1390
33 1004
53 3584
17 4017
52 2850
65 940
25 3266
17 3818
42 3991
29 2471
98 3887
24 1996
19 2251
9 2793
79 875
62 390
8 1686
65 3680
13 10
48 148
23 3020
23 1011
65 2452
4 2986
30 2076
52 852
42 2331
87 2332
26 3272
29 1776
70 3274
46 2313
87 3558
88 2036
95 1399
15 2329
50 3270
67 2510
81 4070
23 3970
6 2759
41 3915
53 3572
11 1478
27 3179
34 2796
32 1323
24 3218
40 2907
21 255
97 3340
55 530
77 1826
11 41
95 341
18 3848
59 639
3 4092
38 1721
41 2860
3 630
59 3158
56 2570
55 2736
96 3436
82 1588
15 1476
41 1095
61 1059
47 1004
87 1048
59 402
22 325
9 1799
73 1869
74 2847
27 2120
60 354
17 91
29 1972
94 1982
7 2108
50 1579
98 2662
49 240
69 4036
7 324
33 2973
40 737
91 2693
93 1237
39 1007
48 3351
53 3949
17 353
80 2870
95 1287
17 1696
33 4082
57 1406
9 3926
17 1511
5 1685
47 800
41 1062
8 929
6 839
4 1557
49 3296
69 3533
40 3233
74 1886
87 3186
81 3287
55 3842
100 3395
67 1940
29 3823
68 1196
66 1948
69 4018
45 458
24 716
78 852
55 3423
36 3562
99 2593
80 2981
2 836
3 756
1 2767
70 155
74 862
89 138
29 407
53 217
80 865
70 1087
96 2688
26 1494
98 2225
48 476
73 2311
80 2402
42 1530
81 3727
88 3210
61 810
51 3762
55 2032
8 3031
76 399
56 2922
93 1379
97 3422
5 3526
82 3832
89 2270
82 3360
31 1095
53 3731
17 993
64 510
54 2818
31 2748
93 246
66 3001
28 1481
70 2128
76 3338
41 1636
11 3002
83 2671
79 3416
70 1749
38 2726
23 1139
62 130
36 1423
51 1822
74 3700
7 1756
16 2710
64 333
57 1999
50 2193
70 2340
22 908
62 2272
71 2847
12 641
4 1306
67 1098
23 3426
32 285
71 2594
16 3217
49 2491
66 3488
15 2570
55 2396
22 928
27 1763
80 1552
46 2062
70 3957
62 1778
94 384
91 2600
81 1298
88 863
83 2772
31 47
38 1812
47 3989
69 829
20 950
28 2927
36 3591
38 2649
9 684
41 162
33 3674
50 1239
1 258
48 965
85 2331
44 1103
13 805
63 1815
85 3199
11 2985
25 303
55 2764
97 2196
45 1353
51 3825
79 1243
19 2060
57 1483
9 921
59 3437
35 2086
8 1531
87 3358
6 3587
4 1892
79 2512
6 193
44 1991
29 2496
11 1171
72 761
14 1530
16 798
13 1041
74 1363
17 872
77 824
55 2243
49 1652
85 2545
31 112
84 1641
100 2139
43 2692
66 2877
59 2762
42 2180
31 2361
41 3207
85 599
66 3782
74 3922
29 3872
4 594
91 3800
34 874
55 1
10 119
48 2048
34 2677
56 2576
2 369
15 1537
10 3636
27 2034
22 1120
47 1607
37 2228
75 3012
57 2809
32 1862
90 2530
10 2099
92 4001
54 1362
70 878
69 3923
10 500
55 3975
43 2010
65 176
29 3631
62 4074
42 3164
57 486
57 1608
91 1462
74 113
49 2689
57 3610
42 2598
63 3891
49 1637
50 3787
95 332
40 3427
59 733
26 2288
86 627
60 3698
17 3232
82 3459
13 1251
7 61
71 3588
63 3893
41 4061
79 417
53 3980
48 3116
23 1807
10 721
7 1311
52 3248
54 267
86 3050
78 4059
28 4095
73 1887
3 1055
2 3729
11 3466
46 441
35 1198
20 3990
97 538
20 2663
74 143
45 170
22 1814
40 2143
19 3934
25 3179
12 3317
33 3990
44 2346
83 1126
79 3220
47 1501
77 1890
98 538
60 3094
84 3685
48 3076
62 2529
30 194
80 1560
23 2680
46 3962
5 1610
99 2176
63 3381
5 1574
60 771
58 2825
21 372
14 992
25 2465
16 2604
28 338
92 2237
31 1611
57 561
27 342
38 2095
32 184
82 1810
21 3474
39 1972
41 2361
20 2809
4 4061
44 2100
81 283
51 3873
88 1642
69 1150
65 1713
74 3447
79 2135
25 4006
3 1618
55 1787
95 1006
6 1143
94 362
99 2001
10 3654
76 2755
53 610
3 460
19 447
14 1407
48 3319
25 118
2 2201
35 3676
6 1745
30 717
38 1027
87 2019
12 1714
31 1714
79 4022
16 1111
83 2902
75 2786
40 3180
36 1411
26 853
64 3759
61 1554
86 2775
43 607
19 1952
2 1253
15 3021
90 3893
38 141
3 1009
3 257
22 2821
90 3162
16 3138
52 210
90 2004
24 2946
65 3210
68 2759
24 1018
39 1353
43 489
42 1140
49 915
4 7
84 2531
40 1737
35 3305
22 3159
6 1278
96 2239
41 3239
97 2741
80 2712
16 2072
2 2018
32 1904
10 3701
79 2790
4 227
61 2443
89 3060
47 4011
80 885
25 518
94 2344
32 1346
43 3844
90 3838
44 1393
29 2093
10 1141
92 1819
85 2942
29 1264
4 3309
30 1828
92 3789
67 443
97 719
60 2738
15 3716
23 453
71 4072
78 1826
21 2007
14 682
19 3817
53 3891
79 3013
47 1734
73 668
26 400
4 1208
38 936
34 1802
89 892
41 3659
4 787
79 1538
29 907
92 2434
80 2594
99 4088
16 721
16 3446
10 1132
90 1919
55 377
78 2373
45 956
94 889
11 1498
48 3191
48 4086
52 800
28 79
18 2483
56 1292
43 963
96 1382
37 369
50 330
92 4044
70 1317
100 2018
32 2397
99 23
82 3358
61 2082
75 3844
5 146
6 2018
12 2497
93 1006
83 1224
64 3771
45 805
96 3880
20 710
56 3072
79 3372
16 1537
82 1170
26 2510
27 48
57 2035
5 2082
9 2821
74 3265
22 3940
41 2117
27 1985
1 3618
72 3673
39 2867
92 2958
66 4019
98 1439
8 1196
44 246
79 2108
69 1436
13 2237
4 574
29 3985
94 1797
14 4032
57 830
45 1452
38 3784
7 3053
5 2364
40 3042
23 4067
29 3654
33 1384
18 2497
95 1758
81 2978
16 2041
74 2749
82 775
32 3522
57 2140
18 2010
11 1100
75 375
99 3942
21 3169
12 3557
91 32
60 296
48 3662
89 3164
3 288
41 1313
16 850
19 1623
63 3691
75 1152
21 1493
55 2571
4 1618
60 1188
78 2231
24 3416
67 1492
27 694
89 1668
94 3600
23 870
24 895
59 2902
89 1993
69 2183
53 5
52 1299
83 1447
16 894
30 3606
16 3281
13 1290
88 2540
48 1733
59 1745
24 2065
78 2051
23 236
40 1380
8 3352
78 1276
48 3141
23 1834
87 1394
75 3124
31 1755
21 3828
24 2984
87 931
88 2381
15 1855
77 1192
57 3308
79 665
15 3655
56 56
2 3276
25 3408
85 3687
14 3740
79 1608
2 927
91 345
6 3609
48 434
73 3950
56 2242
6 2097
53 2472
61 2043
74 2680
62 2864
23 1198
99 2872
49 2880
71 3503
8 3912
25 1730
100 146
27 1435
27 3135
13 2867
52 2334
47 2732
53 3627
74 2739
78 2776
54 4069
73 3680
12 665
16 1262
99 2855
9 403
76 1236
57 1730
59 1127
5 3959
69 2048
92 763
64 2904
25 1361
22 2503
24 3051
7 4013
79 1222
69 1002
3 652
72 3559
42 247
22 1602
1 3368
85 2745
54 2625
12 1329
20 1379
41 3680
64 1682
50 2779
37 464
35 3271
77 3276
12 71
23 4031
41 884
29 231
14 2157
46 1118
85 2732
54 1501
96 3033
23 100
21 1522
50 606
77 2418
30 2899
4 2754
66 1767
89 1908
97 2357
4 1881
43 1181
6 2089
18 746
40 1943
38 687
96 1029
75 3496
2 2568
89 2754
13 1074
41 2480
28 3634
30 2556
46 1850
96 141
2 3403
17 3671
31 3618
49 2118
4 2566
8 2343
50 3590
18 2048
9 1747
81 2949
28 2261
88 2551
79 1481
74 3244
94 1826
72 2964
64 608
54 2526
73 2858
15 1592
92 3350
79 825
60 1580
96 808
54 3577
41 2050
1 992
92 3539
97 1514
54 1706
39 1973
37 374
16 3111
95 2708
48 3445
68 3199
86 42
84 1445
93 2799
65 851
59 1913
80 4020
36 3403
42 1280
88 2052
74 62
76 3558
79 2508
4 3333
83 348
37 1322
94 1283
47 3473
19 2984
8 883
86 358
43 2637
29 1603
39 3743
62 2763
70 1771
56 1625
97 3259
88 3804
63 1155
55 1080
72 3601
74 3839
77 992
58 1056
31 2463
54 573
63 1694
3 2945
56 961
31 3037
99 339
70 3963
77 601
99 1995
79 3725
38 135
53 1339
69 2110
7 2602
65 109
72 482
61 1970
4 2856
86 3515
80 2429
36 2450
59 3021
77 2267
13 1891
73 1280
31 3239
94 652
77 1290
65 2811
91 1829
71 762
51 3600
99 390
99 3548
64 2078
4 2263
59 550
7 2747
48 712
13 2981
15 2060
35 3404
79 2603
73 1375
46 391
23 140
28 1417
51 3882
78 2001
61 1614
78 1117
44 413
78 967
23 386
74 3700
98 3668
31 1392
99 277
46 3571
51 1215
85 757
11 1016
98 997
41 3979
62 37
20 2979
17 1276
75 2819
66 2454
24 3919
85 2473
30 3719
56 2368
23 3761
98 1549
96 1706
49 2234
49 382
70 3521
73 2131
41 1760
70 614
7 308
56 1180
93 2539
14 721
51 395
43 682
70 241
10 507
93 1225
4 4094
66 836
39 2592
92 643
18 3817
7 1639
42 1341
35 3765
89 611
27 3522
8 3121
97 1674
86 2582
19 51
89 3703
56 1204
4 637
96 4079
8 2299
57 3854
71 3027
64 2352
80 3342
60 2792
77 130
21 1188
66 2037
85 2955
87 679
2 3611
18 185
18 3985
29 2757
67 4049
52 496
62 2978
90 1105
86 3793
75 3253
88 207
35 609
86 2536
29 158
7 3167
29 304
41 1122
16 3399
70 1308
71 881
32 3018
64 969
44 801
22 3133
26 2424
77 2985
98 1575
25 4023
15 2142
8 1409
20 920
80 3893
33 2199
19 3051
38 1157
91 670
63 1210
14 1978
10 3711
38 2507
82 3302
100 571
77 892
65 795
81 581
63 149
60 3914
61 3541
88 3139
51 1425
19 2329
98 277
98 3732
90 1451
98 3267
94 1288
93 1257
62 3253
20 2355
63 1085
3 2153
1 338
18 1177
10 3985
43 2276
33 417
100 3407
46 4045
94 2947
56 2291
14 1261
74 494
93 1340
30 568
66 3696
64 2532
68 2884
81 3721
28 2651
93 182
50 825
83 1338
55 1292
50 3176
14 2685
43 2259
5 852
88 2365
7 2401
61 1788
8 488
91 3751
92 3092
63 3335
14 2887
93 2475
80 19
68 3846
6 1002
86 1451
74 200
50 3535
99 2365
27 3242
6 639
29 2669
15 1156
92 402
43 1602
80 1796
9 3156
74 8
50 3986
25 387
11 2682
78 480
93 1451
66 3932
67 1721
49 388
83 4009
89 3485
48 1284
58 1218
85 3526
49 3277
61 3187
84 1663
16 3041
17 3966
22 3886
13 411
72 267
58 959
23 3322
14 249
34 306
58 206
33 3523
23 378
52 340
14 1441
98 2842
75 2505
10 1055
42 3411
37 2722
49 2084
36 4066
50 878
63 292
19 2429
17 764
78 2186
90 4056
71 3142
75 2120
58 3824
85 3588
88 2650
74 509
81 1390
39 1689
74 2122
87 2419
36 853
38 30
45 3307
29 1818
56 982
74 3958
63 2076
13 512
24 2846
3 4035
95 549
96 3363
90 3678
56 1315
59 2614
90 606
42 2347
99 2651
33 1427
60 2952
49 2149
17 2435
37 698
83 1932
79 2949
74 845
13 2317
100 1339
54 1067
69 3601
100 2290
10 3049
85 745
31 2097
91 1975
9 483
27 3765
2 155
54 1768
26 3908
20 3956
57 21
20 768
87 4074
66 4011
90 1417
65 3687
9 2745
11 1972
21 2506
82 1697
92 3972
54 1809
75 1731
28 2116
43 100
51 2199
32 55
10 1478
48 703
28 3609
91 3596
87 2487
44 3534
90 2989
51 211
45 834
35 1954
87 117
9 2122
12 1131
65 111
53 2340
37 2198
17 196
88 1113
24 922
88 2906
80 2856
11 3770
100 189
96 2336
7 4066
46 3665
90 3878
10 2318
8 3911
68 144
22 2592
25 1875
91 1144
87 2494
93 3598
27 1376
61 3646
97 8
2 933
8 760
74 2537
52 988
58 2018
17 3229
88 1636
28 3985
91 1616
3 2917
15 653
98 727
67 2616
82 2511
65 3151
39 1903
23 766
78 888
50 2990
11 1523
95 1083
75 2742
14 4026
94 2848
5 297
88 207
89 2981
81 1103
61 3034
34 3665
92 2036
95 2074
21 37
10 2006
54 740
80 3936
99 86
33 444
7 1114
20 1559
26 863
85 2359
44 2697
21 1248
26 2978
32 3722
81 2287
83 3717
51 564
74 1252
64 1057
7 3126
6 3671
77 1156
68 2764
26 2098
55 382
12 3374
74 3820
5 616
42 1340
21 3618
66 1939
75 1852
47 768
75 3806
1 97
75 2966
71 2307
22 359
51 2739
36 505
57 2815
6 2102
82 306
33 1143
49 2957
45 1175
8 3903
34 3302
18 2033
67 2398
41 1749
28 1800
47 1293
2 933
47 517
5 3055
87 1218
89 1772
23 3777
91 3168
26 3579
90 3437
57 3271
90 3958
83 1556
48 3336
100 3527
39 3262
27 3196
95 657
80 1535
80 2946
13 676
85 179
40 3535
10 2993
13 3591
1 2305
26 878
99 3972
97 330
35 1640
72 153
42 482
64 904
22 2963
86 753
60 1094
20 2433
37 1784
71 522
28 792
49 3013
8 2782
70 1166
33 2227
51 1772
62 1254
92 575
71 1176
38 2873
50 3916
97 1854
25 957
6 2185
80 2060
59 3419
63 2723
87 1851
84 2129
76 4064
23 415
87 28
52 3663
39 3403
86 2080
71 783
3 1707
96 2812
35 2825
88 1306
29 3606
25 3639
56 2963
65 3639
19 313
7 1253
71 1249
29 2394
23 1883
48 1556
94 3878
43 1765
37 878
76 55
91 1379
41 395
13 1989
13 3120
79 1330
11 1850
70 2173
42 2368
13 286
65 140
88 2365
95 2034
34 4033
78 3634
79 181
45 421
67 953
91 2447
53 751
51 3795
84 37
28 3721
29 554
96 1533
91 2657
28 3007
77 3367
12 3070
11 645
84 21
45 2200
9 2383
16 1255
94 1996
6 2204
98 4085
8 3242
94 352
51 1605
80 537
1 3556
23 1089
82 390
91 2032
74 2670
33 1858
5 2493
33 3924
44 878
91 1657
73 3516
89 1224
69 1258
19 2359
23 3458
12 3027
5 2342
4 1646
68 82
30 3765
71 1634
15 3523
58 1671
98 3777
76 1076
1 1532
79 2982
31 3156
75 233
66 3005
46 217
24 2511
11 1955
40 1194
24 3737
74 690
86 2388
72 1304
86 3465
96 2509
60 2321
60 938
90 2698
37 1348
90 1415
13 2524
31 2192
90 93
66 997
74 2085
54 2148
86 1911
35 2889
34 401
77 102
33 2700
30 2853
77 3627
34 3634
34 288
68 1134
11 2582
85 3748
43 3374
32 3960
90 1285
15 39
76 2450
83 2313
74 1087
42 1662
98 739
50 3327
41 1872
88 1147
59 3815
24 873
56 1509
72 878
62 1171
66 2148
40 2752
30 1555
33 1017
27 3954
75 2185
64 1793
91 1937
99 3192
100 3886
62 1870
44 2521
78 1807
97 3265
49 719
4 3426
62 2795
97 955
61 3186
7 23
87 4074
59 466
6 1034
15 2792
37 2114
89 370
24 2088
34 2629
82 2823
54 2482
41 2137
47 2310
3 3892
96 1087
77 1139
5 1927
36 3316
65 2885
69 699
44 381
96 64
54 2699
67 3639
24 1948
69 3029
82 1809
85 2144
62 1903
75 3286
53 823
64 1
66 1443
24 1046
91 3568
60 1810
48 459
69 601
78 4023
40 293
86 2508
29 2207
69 293
99 242
3 2193
43 1087
76 3854
15 1669
56 307
70 1430
82 361
79 3726
87 1015
82 3976
33 373
68 2815
33 3492
37 3101
12 1179
