1024 2500
33 568
59 802
37 348
75 530
13 363
100 622
82 560
90 234
28 531
23 909
87 748
40 510
35 410
43 784
21 718
42 925
14 124
55 506
44 669
39 692
19 370
45 260
17 222
25 812
64 412
40 419
87 828
36 85
33 747
33 609
96 610
10 701
25 188
62 180
96 193
27 862
90 136
65 467
57 590
2 85
89 950
23 111
21 406
47 965
88 39
9 568
52 34
96 357
85 426
100 52
62 383
45 155
50 1010
9 874
51 875
78 551
52 436
17 528
62 855
28 969
94 1016
36 517
58 756
25 246
93 385
74 774
3 186
56 260
79 525
9 745
75 43
71 150
90 931
1 295
54 120
52 631
67 751
43 136
70 996
18 638
44 679
19 98
12 291
1 11
43 465
23 165
99 2
46 985
84 990
39 669
77 494
35 195
29 398
19 702
45 712
64 724
30 702
89 205
12 153
35 782
1 970
74 100
55 235
40 878
68 314
79 284
20 797
91 4
90 809
49 538
100 1020
77 861
50 33
73 665
5 256
67 802
17 344
57 147
11 960
60 778
77 522
78 32
3 516
47 464
32 740
82 795
11 214
11 408
23 671
73 431
90 471
84 102
82 84
28 368
91 248
74 268
29 159
15 39
70 334
27 973
61 480
83 783
65 349
35 939
75 215
18 921
1 553
22 474
97 246
26 655
89 963
54 237
53 197
52 770
86 778
74 578
37 436
72 925
100 502
92 778
16 161
42 376
13 672
2 325
17 667
96 385
29 877
25 701
21 896
54 578
5 139
55 881
34 467
94 333
84 597
10 660
45 760
19 445
67 860
18 299
50 725
91 82
65 279
10 626
91 203
95 799
41 310
88 914
28 413
10 719
17 308
14 741
71 365
21 449
56 930
23 702
2 405
35 183
79 541
4 833
59 986
68 60
51 239
25 22
87 171
93 635
6 70
19 520
42 511
16 634
29 690
7 22
2 69
48 752
37 1011
1 328
5 144
99 219
74 335
85 8
9 981
66 982
34 992
41 460
74 420
25 894
45 379
84 154
23 95
26 32
86 442
59 30
97 745
96 966
31 488
81 560
56 590
57 470
33 994
17 10
57 997
60 474
23 795
99 797
25 508
8 970
53 162
3 509
74 223
70 961
78 398
48 130
99 1012
79 519
5 503
89 346
87 408
15 825
90 421
5 42
89 401
80 853
78 986
42 444
80 787
60 894
65 875
47 123
14 597
98 819
71 146
84 549
85 958
65 730
10 945
43 258
33 758
43 883
4 424
66 903
98 681
44 346
35 770
29 368
18 86
70 416
15 301
44 783
2 288
76 588
81 234
13 529
40 931
27 687
90 688
29 516
20 313
53 874
66 305
6 400
10 379
71 620
32 755
74 913
26 865
48 226
67 297
71 42
67 117
52 533
41 268
48 124
4 884
18 638
85 191
53 554
1 827
70 224
41 527
69 575
44 588
76 442
28 530
19 63
47 186
55 427
49 618
50 9
5 523
74 641
41 658
35 258
52 320
77 1017
50 593
63 189
61 342
6 16
88 88
34 494
97 672
72 726
41 445
2 742
40 355
34 656
4 528
25 447
75 370
51 669
98 1005
73 94
55 463
98 170
6 187
27 823
71 558
52 99
70 233
8 945
79 174
45 574
65 465
40 524
22 435
68 772
59 1024
29 737
70 974
6 1012
13 544
82 995
81 309
97 55
37 909
15 103
50 551
100 758
80 671
5 825
33 424
24 496
16 413
56 885
82 90
64 498
97 657
80 710
29 537
32 481
33 738
83 478
57 234
47 256
25 468
40 985
27 628
52 290
20 664
27 377
73 1022
99 361
39 318
98 595
54 809
36 250
27 634
19 787
4 938
70 748
69 73
88 247
24 140
37 715
99 687
48 531
8 942
43 314
23 937
65 65
73 960
14 219
21 17
85 412
2 1022
3 310
67 843
16 770
82 68
85 760
70 528
54 414
29 132
23 679
92 611
79 765
90 33
67 91
29 964
86 1002
9 637
3 7
83 842
17 412
74 213
95 639
36 412
72 160
47 755
66 587
85 557
7 887
41 285
37 637
28 454
2 161
14 900
63 520
73 943
59 602
83 53
93 870
4 244
85 1007
10 843
93 315
99 895
73 963
75 129
11 379
82 164
91 648
67 705
43 755
84 50
89 754
58 549
88 566
44 604
16 766
26 92
52 796
10 232
14 116
84 284
86 941
87 8
64 485
81 707
96 312
60 548
33 857
16 640
30 863
96 945
16 641
56 659
97 997
42 122
49 225
38 582
94 852
14 705
29 278
67 528
9 118
11 629
95 122
13 348
36 464
73 564
80 280
22 492
45 64
90 341
92 1019
30 429
54 487
98 134
88 496
9 328
90 711
37 564
44 177
11 792
8 155
35 719
15 528
67 687
75 800
3 879
86 924
55 615
79 392
73 126
16 385
14 477
52 386
44 903
50 926
30 177
41 1000
47 491
24 57
13 70
20 155
16 625
50 207
96 440
26 964
94 461
100 1019
49 395
8 952
50 941
98 943
17 910
95 987
44 398
28 528
67 875
22 391
4 735
57 691
51 170
18 716
27 953
54 543
72 65
19 597
21 300
51 73
57 409
3 560
66 54
7 249
77 744
19 380
50 211
30 604
60 675
95 1010
67 1004
65 926
60 999
10 24
2 1013
20 458
61 131
9 179
52 55
63 88
94 41
11 227
59 512
95 630
38 101
8 765
41 120
94 124
6 140
84 367
68 243
68 524
29 816
6 557
94 104
12 643
100 87
81 394
66 675
80 760
20 615
60 856
10 141
11 827
60 102
73 407
1 992
7 717
19 608
13 628
32 893
50 855
51 90
93 552
9 224
71 516
10 786
39 547
39 301
85 182
47 517
77 747
52 495
79 242
46 688
33 789
20 90
12 510
63 844
37 943
27 324
98 880
93 780
58 1011
37 750
81 459
54 757
33 725
91 619
26 304
6 810
17 837
39 688
98 53
83 359
24 549
46 405
48 766
61 805
21 217
2 921
83 771
9 855
11 879
29 412
86 731
97 226
63 71
81 865
39 395
99 94
75 880
35 322
85 659
30 349
95 631
57 525
89 897
43 847
63 803
38 909
9 430
54 28
72 1023
36 623
1 66
24 312
81 190
1 541
56 735
22 698
17 110
78 718
43 552
56 733
95 774
9 839
83 727
78 679
1 733
17 93
50 992
80 718
50 13
47 1005
67 100
7 63
45 876
88 191
56 296
48 734
93 516
4 223
22 390
29 942
50 153
27 896
37 414
33 278
42 823
42 148
98 936
91 107
36 990
33 167
25 196
92 305
92 423
44 929
80 404
87 910
69 857
33 677
74 345
94 672
96 187
23 41
87 5
39 886
95 444
64 231
7 927
88 326
1 39
11 113
54 53
14 998
65 778
30 130
14 579
5 241
10 596
6 864
92 428
69 570
67 752
57 486
86 312
71 978
26 17
70 791
33 63
5 977
80 390
87 938
9 883
54 710
70 435
65 30
3 249
51 709
68 375
46 629
2 981
42 11
1 648
58 42
46 542
82 526
47 76
19 875
11 592
24 388
83 84
93 865
76 1016
9 307
2 719
47 28
23 493
82 647
4 839
60 825
52 682
74 263
13 764
5 691
68 673
7 334
20 471
38 64
94 722
38 828
52 281
51 66
29 892
1 888
23 376
80 38
5 1014
24 790
49 413
44 60
9 510
17 816
1 566
75 418
4 225
93 679
1 51
29 253
27 433
60 625
92 803
74 841
44 962
18 521
78 37
60 410
15 973
65 503
86 56
12 777
56 117
44 784
51 152
36 85
52 127
29 367
37 347
43 697
56 788
77 633
25 772
70 347
68 218
57 210
77 744
42 552
76 393
39 3
8 322
7 103
72 796
6 353
94 652
93 401
60 217
81 216
8 26
74 684
39 386
81 516
49 854
99 965
7 354
3 766
15 29
77 99
96 314
99 941
81 475
37 356
15 325
75 654
22 108
1 593
29 181
28 598
3 126
54 233
67 480
26 130
16 842
24 308
35 678
52 72
16 541
59 818
61 998
3 191
33 760
95 574
36 866
91 950
51 684
50 446
51 132
55 646
81 802
29 80
51 153
35 582
25 577
99 533
78 821
19 631
56 481
72 472
86 326
81 289
57 555
10 123
10 284
24 634
93 697
57 515
37 863
60 517
36 446
97 965
10 748
75 798
80 750
61 526
11 641
58 35
75 523
25 856
30 925
74 866
53 154
16 421
25 427
1 408
84 961
76 89
16 919
14 888
48 106
65 695
19 178
77 917
88 886
29 481
2 190
42 358
35 677
94 335
35 690
22 950
94 66
14 286
48 900
57 603
53 537
5 727
94 1002
16 389
83 344
53 624
97 166
89 875
54 734
42 920
27 927
57 1024
60 858
81 951
1 433
54 714
61 802
76 658
39 11
38 617
86 890
56 886
35 172
65 872
77 922
75 279
20 587
27 792
5 563
90 129
48 223
10 940
53 234
14 779
28 595
16 598
93 587
47 491
19 171
67 639
20 81
50 892
76 172
71 64
86 352
84 705
55 10
93 575
31 170
53 486
8 700
75 200
43 518
79 1021
36 5
7 756
37 528
47 752
87 257
43 409
28 1007
9 158
24 709
44 234
58 37
67 618
16 778
17 998
67 483
22 958
39 605
9 572
40 287
91 807
23 90
51 127
64 279
88 63
12 1016
96 841
80 1014
86 763
55 227
9 13
97 706
27 172
10 635
67 394
42 17
28 440
42 366
18 177
88 850
95 607
89 534
20 868
52 857
18 266
59 318
31 768
56 225
47 285
95 657
70 756
69 853
52 779
78 737
19 838
78 170
68 378
55 843
37 202
96 827
68 734
32 746
13 119
58 391
8 804
23 57
40 696
26 707
6 79
63 380
72 981
89 312
10 228
78 555
53 805
5 896
79 476
21 991
27 562
2 998
30 380
62 877
19 939
63 500
94 977
100 909
21 404
4 243
35 326
81 36
58 129
11 620
24 524
79 174
61 944
87 402
59 177
62 350
39 812
1 84
5 704
49 673
44 164
55 714
37 687
69 595
23 656
82 395
15 776
100 215
95 715
17 994
87 870
31 981
6 143
61 398
87 9
34 930
64 961
59 661
27 344
99 414
11 420
48 129
44 351
51 866
85 959
43 931
49 129
100 438
60 928
15 94
72 880
75 83
88 617
39 415
64 973
68 934
21 611
2 540
61 381
5 1002
23 192
68 95
24 771
76 591
82 342
28 585
38 682
40 1013
39 386
95 210
19 206
80 703
76 157
54 753
85 598
86 852
9 613
78 85
76 454
15 9
43 335
62 992
100 237
61 266
82 359
44 956
69 595
90 356
3 851
36 264
57 813
95 189
78 12
97 761
77 948
61 236
10 338
55 249
74 159
99 172
74 990
59 58
64 737
37 286
47 497
5 987
97 639
68 686
23 424
30 91
79 167
22 604
16 529
49 54
95 343
49 180
40 327
61 867
59 650
20 602
74 677
8 406
75 715
96 941
43 489
100 461
19 333
61 135
1 893
28 524
7 412
63 518
86 940
52 777
73 487
2 686
99 917
67 430
40 134
74 722
91 353
54 253
46 198
95 522
26 574
41 276
53 724
81 699
31 128
87 179
7 804
52 753
52 930
82 279
32 504
72 662
28 134
82 517
43 277
71 397
2 35
4 811
18 441
45 372
20 935
54 158
22 389
83 385
75 44
64 334
71 639
79 379
64 884
75 79
88 909
79 986
60 122
48 677
70 232
29 106
26 574
67 855
91 149
71 233
17 878
74 739
73 536
89 240
15 988
46 531
12 792
96 791
58 239
52 451
86 468
16 611
17 819
9 979
35 655
75 135
65 752
90 1001
3 966
72 658
97 534
72 777
93 655
83 190
9 986
77 338
69 172
8 446
78 364
44 933
94 587
15 502
18 916
46 577
38 694
90 762
39 373
94 503
27 33
33 895
66 309
84 423
4 131
20 446
6 243
98 487
33 396
61 119
68 442
23 121
75 904
90 313
24 372
96 254
64 484
40 397
88 331
15 247
13 662
76 954
49 21
20 709
37 380
83 704
38 497
60 932
20 681
29 627
36 12
96 431
3 1003
32 262
57 622
84 769
32 176
38 140
84 90
12 612
41 651
75 266
3 90
42 499
39 394
17 798
45 981
77 899
99 8
88 244
57 643
28 888
82 686
71 1014
27 851
37 219
81 892
97 599
49 658
9 727
11 174
13 431
90 705
53 64
100 440
47 316
62 295
100 876
92 182
61 730
8 441
36 484
60 408
75 265
21 131
95 67
8 467
85 433
99 801
41 858
80 803
58 274
13 329
37 28
30 989
73 518
45 681
77 713
92 35
65 105
34 943
43 469
70 668
94 532
20 374
18 660
72 515
41 225
35 33
88 328
25 1009
53 401
73 822
25 728
32 41
28 1021
100 1003
62 345
54 343
88 65
40 217
72 867
31 632
95 549
92 319
33 660
47 697
85 967
18 125
86 326
50 478
18 125
36 787
69 77
85 320
13 820
13 865
35 243
100 729
12 112
15 644
59 325
80 807
83 810
56 937
51 73
34 432
5 845
99 665
61 299
80 37
59 496
61 757
87 349
25 506
56 484
93 206
52 440
9 51
73 920
55 335
72 352
43 164
8 961
100 68
75 787
44 329
23 1005
77 997
17 522
58 788
93 602
37 788
25 981
82 242
12 800
24 843
27 318
10 298
10 809
57 489
40 469
69 830
5 878
22 777
51 255
96 355
32 508
42 872
29 956
57 316
15 665
75 858
50 116
79 212
45 496
96 472
88 492
97 388
13 54
16 719
48 679
61 139
42 167
38 626
78 75
14 828
27 52
37 696
23 792
87 67
55 582
50 202
98 814
85 394
15 728
29 150
10 137
44 543
91 274
77 400
28 62
64 62
29 864
33 279
19 640
18 893
53 883
14 246
17 658
16 515
49 728
97 742
32 952
65 143
73 405
46 548
30 745
57 578
13 342
60 191
61 177
4 153
48 129
19 708
67 14
46 123
77 862
25 580
34 101
34 990
81 240
10 970
40 98
71 544
59 354
35 395
11 794
36 566
58 946
25 684
87 446
91 675
64 647
22 49
7 952
6 227
87 527
100 126
85 694
34 39
3 380
14 553
57 981
74 46
54 342
42 836
20 512
6 47
2 715
31 880
38 108
98 808
3 253
54 235
70 579
81 968
6 706
37 82
46 590
79 539
60 856
42 695
3 835
13 476
30 835
15 143
30 412
43 552
60 860
22 585
86 35
53 347
100 1
56 378
50 554
96 497
6 242
91 728
40 907
68 577
97 510
88 635
46 646
14 561
81 948
86 894
90 650
60 697
78 643
86 215
52 966
40 557
23 878
69 234
37 440
83 453
69 506
63 846
3 225
71 607
64 504
100 105
45 691
45 778
77 851
52 480
64 679
37 974
73 273
47 269
44 993
45 636
50 784
78 600
36 840
86 131
55 657
55 447
95 11
72 631
81 167
51 628
66 99
29 354
95 760
50 58
56 318
1 178
53 126
57 60
77 959
90 259
31 424
81 914
95 904
100 271
27 606
71 892
88 451
33 50
26 842
23 914
27 800
87 212
5 843
71 866
89 461
64 344
56 805
97 294
48 752
29 730
98 439
17 13
49 817
71 51
82 169
56 769
68 6
92 869
88 226
6 601
74 809
100 546
65 152
35 249
43 379
38 212
65 551
29 682
7 287
92 977
43 671
53 399
92 676
87 499
9 952
59 563
12 1018
16 301
5 922
93 24
69 502
91 69
88 459
50 371
69 457
39 176
39 19
26 778
86 816
61 570
55 327
28 454
29 191
94 465
97 278
84 365
68 723
49 807
45 159
53 902
91 475
77 718
33 626
59 162
13 723
64 135
42 839
84 346
38 318
58 94
15 274
2 350
68 890
41 128
52 285
77 639
88 57
24 228
6 802
90 74
5 97
88 526
47 796
71 940
53 656
21 683
21 466
53 900
76 141
4 355
41 8
21 160
37 300
100 746
78 777
16 578
45 3
31 783
78 949
79 886
80 707
1 485
25 553
92 480
1 363
78 93
79 803
21 435
94 640
12 155
12 975
4 240
34 810
50 751
38 696
45 290
79 133
22 527
1 109
54 353
12 815
93 842
81 697
8 671
36 407
45 703
50 533
54 311
38 940
49 28
83 649
97 989
41 66
63 441
82 472
45 645
99 214
86 855
54 713
53 198
16 302
88 453
2 818
3 127
49 799
18 319
96 470
44 180
83 774
81 709
26 389
61 484
14 791
54 488
43 815
9 574
8 560
26 925
41 764
51 61
31 181
24 962
34 663
65 161
24 737
33 633
22 173
24 703
91 406
54 418
36 850
43 287
10 993
55 738
100 213
95 246
77 154
59 19
36 300
79 203
72 23
12 113
7 927
80 134
12 981
83 503
47 517
93 168
97 975
61 193
8 679
78 556
24 621
46 623
64 752
70 931
38 637
32 969
67 835
94 847
47 628
29 573
4 90
52 605
72 621
49 203
67 210
15 83
66 308
1 725
88 506
20 809
54 651
73 657
13 830
51 227
93 803
4 553
4 515
49 932
19 929
58 386
26 868
80 944
36 148
76 187
2 251
51 771
97 724
27 337
89 881
20 962
8 339
82 527
29 622
90 964
30 544
85 639
71 792
2 538
95 178
80 568
76 695
55 305
6 717
33 922
58 180
79 209
78 324
31 347
93 145
58 446
72 610
33 50
57 618
100 291
15 287
51 199
13 149
15 350
85 119
64 414
51 82
62 816
6 333
38 326
65 423
24 140
88 832
29 384
45 776
99 196
11 509
2 1019
5 896
41 497
14 592
35 288
97 508
96 54
88 217
4 292
28 127
91 647
86 620
11 358
99 681
41 409
9 946
84 821
61 748
53 807
79 179
90 987
83 149
33 502
70 396
78 1005
14 200
15 455
87 633
80 166
85 341
98 453
66 977
57 55
56 542
53 1014
48 930
13 382
31 993
4 420
32 653
100 885
48 2
95 647
91 102
24 923
98 361
72 704
54 600
42 1013
89 594
95 837
87 955
70 553
55 53
68 262
5 347
82 533
33 436
43 983
1 966
49 979
90 208
66 615
100 391
52 924
100 582
28 458
56 930
55 410
22 958
99 663
41 792
83 629
7 325
47 739
94 443
9 567
19 326
26 434
80 761
61 675
78 45
69 829
38 95
46 931
44 884
89 308
75 739
60 853
99 498
39 304
57 236
75 567
73 4
96 253
32 308
35 57
48 11
93 301
25 74
48 133
85 776
8 583
11 352
39 529
25 977
53 765
76 679
59 749
82 282
53 421
14 903
73 941
42 337
98 1018
6 425
38 342
36 566
100 666
65 310
7 741
66 1003
74 450
89 788
42 314
38 150
34 635
84 186
11 941
22 768
43 931
8 36
20 344
77 147
41 493
60 155
82 717
9 691
70 789
38 315
18 499
8 811
25 492
8 660
16 493
99 318
59 571
90 646
54 954
100 898
59 223
93 632
36 161
98 57
2 751
68 3
62 835
74 334
18 785
25 710
14 372
95 652
34 356
54 831
2 41
32 708
16 732
3 179
81 612
7 818
38 606
52 563
53 609
37 718
58 865
55 623
40 406
94 129
85 523
63 22
4 639
49 827
22 19
21 214
54 215
35 968
5 827
42 213
63 378
78 780
95 309
42 430
34 628
11 450
86 493
8 689
71 176
59 453
11 471
46 824
10 673
59 482
71 249
74 885
82 599
57 844
35 1018
14 596
37 808
38 747
48 493
63 383
52 902
63 862
4 476
30 9
92 404
30 598
40 159
99 254
6 75
1 640
56 322
60 689
89 233
19 381
45 821
7 368
6 573
10 22
80 867
26 148
78 520
37 898
10 179
43 411
93 199
59 321
9 238
93 625
18 395
85 170
95 743
9 889
63 742
14 315
60 939
70 830
46 182
59 88
93 829
74 613
43 524
85 523
1 917
100 206
91 104
83 478
79 912
90 113
13 227
39 189
41 888
14 575
66 696
46 406
72 135
94 502
3 927
69 395
59 124
25 82
55 975
39 49
50 900
30 467
30 588
91 242
28 648
60 497
75 453
2 818
24 895
63 222
77 295
32 592
2 192
41 645
15 207
93 1004
58 854
82 183
42 76
60 869
27 216
13 17
76 218
50 231
12 105
28 885
47 44
28 817
67 100
9 377
98 105
1 387
75 802
93 352
6 992
88 576
75 536
85 851
65 402
53 840
2 509
68 905
92 127
1 786
14 109
43 531
61 495
65 147
28 461
54 125
65 693
17 611
44 269
93 956
90 494
88 152
78 447
92 529
50 728
78 799
100 428
26 24
66 198
99 170
51 668
30 63
97 994
57 540
50 86
100 908
47 219
83 556
41 66
92 214
17 349
5 604
45 294
79 674
71 797
7 125
33 113
39 777
86 860
68 320
49 763
79 499
53 237
18 622
86 89
87 70
33 823
21 189
72 275
39 583
28 681
67 488
85 894
40 875
57 531
10 649
26 372
51 226
100 152
75 909
32 658
90 676
52 626
93 548
60 703
70 947
79 812
98 128
97 649
38 385
96 147
61 425
86 131
50 101
30 473
25 521
86 962
77 561
75 13
64 438
51 189
21 49
25 770
96 657
7 153
78 550
31 26
74 816
1 599
56 438
99 900
43 152
45 107
25 375
39 796
53 833
25 149
73 961
46 33
73 288
5 610
57 484
92 786
55 792
5 167
73 407
42 139
39 879
89 247
57 363
2 17
19 1002
37 28
78 59
12 507
86 244
56 159
55 727
24 1002
90 280
24 699
31 185
33 221
55 58
31 268
100 484
24 591
10 449
14 375
95 677
41 852
44 973
74 623
43 930
60 145
25 743
99 871
51 655
75 966
4 533
69 108
41 492
26 454
4 291
88 422
15 685
78 862
77 235
60 283
100 35
55 325
53 245
83 680
36 238
61 587
66 829
94 762
20 367
7 212
9 1019
73 599
27 882
85 287
5 896
25 232
15 996
80 683
84 727
74 91
72 958
62 709
14 347
47 34
26 637
9 346
51 877
61 285
83 357
83 827
92 116
42 134
39 590
77 302
88 130
45 231
36 46
99 825
12 361
34 81
2 78
75 604
27 347
33 665
83 435
99 930
74 500
32 636
13 856
34 356
9 306
10 24
35 501
97 742
57 682
35 834
76 225
10 690
47 278
14 249
8 796
2 238
51 193
93 336
92 786
67 1009
7 253
48 417
37 856
87 589
78 957
3 249
85 812
58 727
57 243
59 776
34 104
97 284
45 862
51 320
19 286
40 690
94 312
