4096 4500
69 1593
18 960
67 2537
12 3416
7 2825
79 3109
95 3499
32 3533
13 823
83 3458
53 3785
41 731
7 2270
80 2961
76 1346
36 1117
54 2193
4 1500
49 1515
67 2887
67 929
96 2949
35 3575
61 2088
94 108
97 3462
36 2537
89 1522
10 108
43 3946
77 2938
34 294
31 3041
1 1667
3 2611
86 702
15 2357
34 3870
59 1939
49 2136
94 3309
54 1841
37 1598
75 2459
13 3749
36 3158
94 3273
71 3624
57 1148
7 2675
42 1652
32 3201
76 2930
58 1746
16 738
90 2817
54 1287
89 1698
36 3923
88 492
31 2367
41 2069
43 3004
4 3759
87 2790
10 3812
57 1617
88 256
62 1793
18 1221
2 1787
37 2479
1 502
97 1860
92 140
87 3903
59 1904
3 4049
91 3470
52 865
20 1953
8 2508
57 3496
60 4019
92 669
47 3722
35 1084
100 1431
65 2184
26 1912
84 1544
82 734
91 3592
46 161
94 301
61 1033
9 1605
92 1726
16 2207
36 2195
79 2790
52 1233
69 3924
51 1361
51 1856
41 238
40 894
79 2750
62 1657
15 3355
21 3935
23 114
47 3830
99 2446
65 3486
21 719
19 2364
8 1956
75 518
24 106
38 2492
11 1677
90 1314
62 3775
66 3240
9 830
3 3323
19 425
44 2781
15 900
54 3415
3 253
58 3570
12 3873
23 1427
62 2364
51 224
40 3208
65 274
94 410
29 1822
68 2495
84 2182
84 7
7 1694
91 3036
84 2525
84 2693
6 1399
77 1988
82 2350
40 2648
62 199
75 14
84 548
8 3985
73 1663
99 3416
64 1206
38 614
31 232
30 3910
72 2841
59 657
60 879
57 2969
25 2900
76 1706
30 3278
15 3570
21 2142
30 2097
100 1744
52 3552
62 741
33 1752
69 3718
10 3728
27 4072
69 2606
54 2933
30 4082
76 2997
67 737
58 3410
22 1906
55 3667
74 1163
31 1321
70 168
17 686
35 3033
16 3484
29 2770
63 2953
31 217
25 2756
46 3524
68 1893
56 3833
46 374
6 2660
80 1547
58 1258
7 343
5 831
81 3344
12 1336
35 2432
41 2094
88 1287
18 3076
34 2511
63 1601
75 2666
77 1512
99 2978
24 2983
12 3897
92 3294
60 1569
92 1172
88 3891
87 3546
94 2515
75 3513
53 3852
44 3746
55 898
38 2573
28 2586
5 2506
99 64
60 1894
60 1536
31 7
52 1118
10 3919
77 3684
64 3138
26 815
3 1806
82 950
15 2836
56 2704
21 1315
21 1301
64 2659
4 1116
32 1227
27 1546
34 1658
36 2411
68 3576
43 751
85 4
73 1075
50 2135
85 3264
46 3872
20 2186
26 3064
94 813
11 753
12 2082
64 482
56 3213
67 2195
43 3618
6 3525
21 194
57 1837
29 1242
51 3293
21 749
56 2280
18 61
32 2324
73 2874
60 2801
35 959
26 390
23 1325
84 1602
30 161
6 1118
31 462
95 1623
19 2829
75 2112
97 3886
31 2415
14 1542
26 722
55 3717
22 1178
64 2708
35 654
92 55
55 781
11 3285
75 569
74 757
3 1353
69 3009
84 3066
58 3758
80 2647
80 2025
57 1522
45 2794
27 2224
25 170
46 1340
84 1036
93 438
12 4019
87 3970
39 3197
30 167
66 593
72 811
82 519
94 1457
59 2730
99 92
79 1581
63 2832
90 1096
75 1973
12 2195
67 2355
85 3417
12 2795
93 3453
30 530
9 2097
85 203
56 702
3 1062
31 541
21 761
30 3468
16 3871
47 3667
44 2598
9 62
85 3882
66 3084
68 1898
41 1445
20 2389
2 3768
91 2061
85 154
74 3803
98 179
75 2815
82 4059
50 16
33 241
90 1297
54 3470
86 3779
21 3662
80 801
54 4007
14 455
6 1684
15 4050
1 1541
56 2531
87 127
29 1268
73 3838
99 3717
22 3896
45 283
13 1999
49 1630
88 1545
98 2573
31 1523
48 1037
67 1446
30 947
2 650
17 608
68 630
7 864
27 3158
44 353
45 1400
27 2130
22 600
43 865
56 2092
2 3598
55 2369
26 2725
62 1528
39 2704
93 3052
3 2952
57 1090
99 4051
19 202
83 3107
33 942
72 903
89 802
67 3684
10 1108
81 2412
68 3723
36 3194
66 614
45 3330
85 1015
69 3249
60 1903
76 2254
12 3510
45 3704
71 2404
2 1895
86 2277
54 2003
88 571
10 2764
45 1357
37 1350
22 3661
19 1539
79 2767
99 2683
5 3894
20 2676
84 2104
11 3662
32 2793
65 3617
85 2942
63 260
56 1840
79 3708
20 787
13 1069
95 1543
51 930
21 3298
16 785
75 355
92 2306
51 1647
16 2870
71 3332
2 1315
1 3912
78 1593
39 501
8 754
23 2165
54 1638
55 333
95 3920
6 2082
100 2628
96 4068
90 798
50 2709
79 1960
88 1960
74 24
47 751
96 3429
59 2820
46 2538
28 1908
3 498
56 2645
57 1773
6 929
92 3065
4 1141
99 2517
89 3433
72 1696
61 3653
16 3071
99 3335
44 1558
66 2489
43 2945
92 77
75 2539
41 3763
59 3350
91 519
50 1494
83 2084
46 1412
29 293
99 2717
65 730
95 156
25 4094
25 2026
83 1711
35 2786
11 221
25 411
43 1443
100 482
85 1981
79 3620
1 1889
43 1389
45 4041
69 2030
7 1699
77 643
57 3897
24 87
67 3542
64 3297
70 4
31 3649
23 3370
98 3407
82 2008
78 1222
52 3864
14 1981
65 2618
10 387
49 2098
5 1917
86 3696
43 3408
90 778
32 2807
46 2218
23 2228
43 2392
78 2744
48 372
10 103
27 2479
99 3947
9 1996
13 1221
45 1265
13 1894
1 1043
85 4006
64 3812
100 2601
29 979
80 3423
46 2270
99 3673
65 1940
44 2779
86 1762
86 1322
54 2866
2 3754
19 1582
80 899
20 2756
60 348
32 3523
96 308
85 3680
83 3775
37 1705
75 397
44 3030
43 3965
16 1708
23 357
78 3732
18 512
90 1565
18 3841
13 2217
48 2696
87 3040
55 2048
23 2637
6 379
21 980
11 3888
54 3949
93 609
33 851
89 2038
94 978
9 1703
3 3958
96 2767
54 1539
10 3720
90 272
67 3104
53 3396
74 3153
56 160
89 193
89 2605
29 1573
51 1765
82 3940
74 2062
79 1188
67 2994
94 4000
20 1223
63 918
71 1198
73 307
53 3407
47 776
82 2307
20 3578
67 1768
90 173
16 567
61 2178
64 1563
69 454
16 3223
53 895
17 3980
44 1843
97 1737
61 1577
67 1512
61 516
94 3320
18 537
80 1051
29 427
82 725
88 149
31 1873
27 2746
19 959
33 1347
98 1356
26 1922
96 1242
47 42
45 1755
14 2475
38 555
51 1969
41 3719
16 3222
24 903
19 2634
59 3973
52 3773
27 828
16 1677
63 117
70 1179
78 3000
24 15
26 1777
13 1636
71 1403
32 3936
45 1903
85 1372
2 2335
74 1484
51 1193
41 3046
12 2184
54 106
100 127
36 3657
43 2504
51 3784
100 2063
31 2515
77 831
82 394
13 1318
93 1442
73 1674
78 1767
94 4086
52 789
77 1341
31 376
80 2178
4 498
77 3607
41 769
69 1508
99 942
38 1540
71 974
49 3099
68 2413
81 1245
48 3542
14 799
31 3406
8 1129
65 3607
30 3716
12 3891
74 192
87 703
75 3845
40 4036
16 2978
14 48
72 3329
41 2656
77 2544
26 1710
38 2336
79 1385
20 703
35 2673
14 902
59 3548
98 3029
30 2792
29 1797
36 4064
78 3645
64 2657
33 2476
53 3353
43 3318
50 168
89 1984
29 924
74 2447
8 3007
9 1967
26 346
11 2611
81 3676
27 1772
39 988
68 3658
57 100
9 765
12 2959
90 321
87 1542
40 583
37 893
29 1964
52 2281
62 2261
46 733
36 1667
68 1086
46 3954
18 662
12 1622
17 1456
34 117
27 2371
41 3445
4 2741
79 2280
97 2959
35 3436
100 4077
29 3769
73 2376
75 1024
77 681
49 1438
38 300
19 2102
84 1348
86 2074
78 2655
74 3533
11 1352
72 835
14 1863
59 1357
59 1775
62 2555
2 2368
22 3514
8 362
24 293
82 3914
3 2417
46 516
78 787
66 1815
56 372
58 1939
87 3379
89 1381
36 1547
83 1669
29 3208
84 3582
65 2988
24 3480
40 509
30 1578
73 367
82 3318
1 1167
4 1376
75 105
39 2745
35 3019
9 26
26 3183
70 474
78 1634
8 822
49 3903
30 3804
39 3503
34 3239
89 3379
16 925
13 3495
97 1987
83 1519
51 2985
13 663
91 910
1 608
96 2042
65 1343
72 2765
37 3069
57 1463
63 3758
89 2247
4 3064
91 3488
26 1375
55 1964
73 2013
76 3334
16 3862
75 2424
78 1530
46 2614
76 3233
11 4020
69 3755
38 583
8 1990
85 2359
33 1903
30 3418
62 3128
17 2074
93 2137
23 3720
62 1458
27 2275
71 2416
85 1763
40 2075
10 3756
13 3072
42 1052
77 3070
34 1922
1 1063
71 58
99 2528
51 1139
84 3442
50 2469
71 2808
36 3789
100 1440
39 2679
18 3141
99 1150
48 2580
1 3080
70 1514
89 2430
96 2148
35 2670
51 521
36 1146
10 473
82 668
65 165
25 312
40 1815
54 1021
63 1232
38 2974
96 274
38 1269
23 2862
38 267
37 2088
16 1491
60 2648
24 2474
40 2154
1 2304
26 3501
71 3922
88 1509
74 2078
80 3016
12 2455
1 2913
43 980
26 3324
94 2591
3 85
5 3923
12 2621
32 1756
38 1344
11 2995
9 2578
80 1968
58 3666
49 2729
17 904
64 1777
12 714
92 1398
38 4001
4 1256
46 3972
54 2721
88 3381
64 3173
21 343
40 1377
8 795
28 2909
76 3292
53 2948
40 2628
65 3915
26 3384
88 3283
93 1107
6 3278
51 1524
50 3478
48 2282
15 1436
40 530
48 1447
76 2059
63 1688
3 1799
47 1354
83 1167
92 3672
19 2388
74 3743
74 3299
52 380
90 729
14 1534
18 2316
57 1537
33 1685
7 72
31 3241
11 901
36 2298
26 1274
20 3426
29 3918
53 3706
52 1114
80 2391
54 3634
8 1255
59 2033
98 4039
34 2318
71 2456
89 1274
61 52
38 2544
9 332
17 1716
85 569
70 1377
98 1005
18 3085
76 3983
50 2419
41 3692
7 614
27 3924
19 1165
32 1224
50 3884
59 516
91 3623
3 2051
98 507
3 2779
79 2796
40 276
28 3083
19 310
1 1303
37 1759
1 3539
51 751
60 3870
30 3045
77 3248
100 1891
58 310
25 4016
44 2463
74 2698
26 2385
70 2945
31 3136
30 2775
98 3159
42 2258
81 2024
69 3208
25 886
53 1357
38 1620
19 2811
58 3091
2 2745
69 1332
23 2618
44 224
98 991
31 624
9 3700
98 106
30 2286
41 774
70 3925
99 3554
17 1696
25 335
35 3006
77 3140
35 785
67 3001
42 4091
100 772
37 2486
19 653
61 1080
95 3950
45 2887
91 666
52 2286
87 3900
29 1200
3 295
97 3563
3 1763
28 3809
91 3653
79 3890
8 691
23 1722
12 272
45 2102
25 2070
92 752
55 3607
57 2858
15 2921
9 3549
52 69
99 2554
40 3266
22 2498
47 1973
72 3150
67 474
36 4006
29 3576
35 870
21 2903
73 188
25 561
73 1727
17 3005
7 2600
41 98
21 808
83 3323
14 2089
47 1501
87 3861
30 1918
95 2719
53 1685
68 2946
11 1112
53 2904
72 2081
74 1056
9 1713
8 4061
90 616
81 1076
74 4078
5 1040
30 211
37 3455
64 479
21 3524
15 1568
41 2654
79 1409
61 254
21 1994
90 381
18 869
78 1419
28 1118
31 1326
3 1563
25 2580
29 3169
42 3900
47 4015
59 1714
54 1604
39 69
96 1731
86 2405
36 1631
45 3334
27 3130
64 3983
31 3150
60 1249
32 3576
16 2388
49 1670
3 2199
24 1422
8 3073
13 86
13 1940
96 3463
24 1444
29 3033
41 3496
94 1336
62 2217
2 497
9 1005
56 3197
45 2624
34 1487
51 2357
60 542
85 1836
56 378
80 2443
52 4023
38 740
75 470
39 929
34 3520
45 2195
72 2513
19 3992
29 2495
83 2382
14 3245
70 2793
43 1975
45 318
8 212
100 2095
30 2550
42 3097
67 2973
25 728
80 3073
86 2316
21 2025
31 3102
23 633
15 308
98 2029
9 3568
43 3633
89 2258
80 2548
12 3981
29 3089
65 4020
33 2909
47 265
9 3573
68 3374
93 694
83 1923
14 3765
3 1107
33 1235
50 1603
67 366
28 518
30 19
58 3914
92 3383
5 976
15 392
92 4080
88 3819
5 1368
60 1639
46 1742
35 1424
84 3004
10 3426
46 3428
75 274
73 2608
12 251
14 3399
5 2166
83 1731
69 1518
42 2424
33 974
87 1656
84 2985
17 3919
80 2149
90 2970
38 3335
17 1172
60 2150
68 3900
72 2109
78 1936
98 3480
46 2735
86 1284
74 2142
37 757
13 773
45 3098
43 4052
82 3420
65 2627
18 1130
82 2170
23 3481
53 1582
81 1078
69 1671
94 3086
97 1363
53 1370
48 2530
86 3204
62 1770
41 3896
6 3354
39 554
92 1780
3 1586
37 865
26 1825
18 2463
71 1866
85 3364
4 345
94 1128
6 37
49 3840
4 2862
21 1349
17 3238
18 1783
100 2490
15 1378
87 3415
27 948
92 592
18 4046
86 3446
29 3313
38 3942
48 1408
14 4001
87 3121
58 2663
13 1331
37 979
33 1500
92 2579
37 3446
50 1023
89 3041
63 3707
54 4072
12 2206
88 2750
55 3631
93 1932
83 1211
36 2205
89 1329
19 1581
31 2551
12 1678
2 1861
51 2931
15 1323
43 401
49 768
28 3989
29 3663
10 927
2 2702
54 2636
84 3813
76 3688
41 182
49 3351
97 156
96 3766
60 1958
100 803
89 378
7 117
41 1579
49 21
1 2650
55 246
15 3804
86 1070
100 3625
74 469
7 1834
15 2443
33 655
4 4005
8 615
23 1796
100 1913
85 2136
15 1921
12 540
43 3102
17 1729
25 3666
7 2232
67 3460
16 2905
5 2423
79 3185
93 3362
33 1592
88 3803
48 871
36 1204
78 1014
16 1065
17 3598
6 2338
19 2878
91 4029
57 1005
8 3713
29 492
7 1063
100 1019
92 2673
2 207
91 1901
17 3998
32 4082
80 2132
34 2468
61 1119
85 2863
72 2616
55 913
32 2090
5 3433
25 2567
71 2161
13 727
61 2098
93 3115
63 2010
29 3006
55 3932
97 3045
7 2674
83 3012
88 4063
67 139
35 1054
8 1407
62 713
53 789
61 3461
47 3609
78 2447
23 1364
100 1547
90 2355
62 1314
47 3685
95 1369
64 1331
35 34
77 2213
31 3696
11 1477
20 3495
77 3184
79 3779
4 225
61 1227
100 2489
33 1861
19 59
79 2049
67 3065
45 2246
7 656
11 1767
4 3365
71 2391
85 1678
81 3009
74 552
35 3461
20 724
7 2363
60 3364
12 3958
34 3302
42 3068
14 1230
81 2569
21 3495
7 657
83 1605
91 3508
19 739
32 4048
82 1015
20 2065
14 4003
24 853
66 459
50 2595
28 2623
2 1933
80 2782
65 1641
76 644
77 846
100 1247
29 1434
37 2677
13 3275
79 701
23 1332
11 1574
16 3876
36 2897
30 1695
59 3939
56 1178
16 4032
90 707
43 1018
4 2827
84 1809
16 153
45 1549
43 4079
13 573
66 2855
15 3497
54 82
97 911
13 3719
65 1308
44 3376
91 3618
26 1822
3 1537
80 2803
13 715
59 3733
23 2285
83 415
17 932
13 907
32 1806
33 2628
100 2765
86 3468
16 3050
47 1218
19 2732
91 3109
53 3590
59 3517
17 673
26 2471
21 2772
30 1718
60 2058
72 4035
60 3612
23 2483
4 720
75 2255
41 505
77 2243
97 2415
32 3409
93 3070
17 2117
11 1886
51 2603
2 3376
72 169
74 2848
3 1105
3 2673
91 547
37 1345
77 3065
38 2177
36 990
76 2467
34 2404
8 3130
76 1086
44 914
53 1481
58 3912
57 1531
23 1755
63 930
88 2125
32 3724
70 180
52 1223
13 3903
44 2852
57 2513
7 3713
30 1582
86 2465
59 294
69 2688
66 1497
98 2772
88 2756
13 3583
17 1080
50 158
56 1805
96 3616
92 3591
59 3884
71 3529
64 3552
46 106
25 3508
39 1769
24 508
22 2221
44 2421
85 2884
35 1665
56 1020
38 1127
36 3201
30 339
75 3016
27 605
52 3626
96 3461
91 1980
4 34
17 875
85 2918
52 3820
98 3976
88 3148
36 2475
67 3365
5 2894
9 150
33 1067
73 3359
31 1516
100 1730
72 2523
50 3751
20 3362
6 3096
59 3625
36 3424
44 1331
91 951
69 2545
3 3309
62 2687
6 478
97 2526
56 1327
53 2628
56 824
46 2669
54 3609
26 1007
72 20
19 1331
43 4038
33 1821
40 2369
41 1110
73 1611
56 942
52 3452
59 1828
82 3411
63 3738
90 1412
46 616
28 148
54 3531
7 2157
10 3610
86 3426
34 2990
47 1603
23 3279
81 3799
1 1204
34 3591
91 3836
26 3389
57 3043
64 1690
10 1627
77 1184
94 2004
40 1827
85 1341
48 2850
54 2854
44 237
65 3568
7 2161
60 3092
27 3706
59 464
7 2211
19 3702
69 3068
65 1641
95 2294
80 3494
12 1064
11 1179
86 972
5 173
40 1973
9 1146
85 320
38 1691
21 2972
67 2927
11 1565
49 891
16 3765
27 691
22 2079
44 1985
74 826
95 2959
18 3099
92 3005
19 2776
55 1011
19 196
70 3023
39 760
18 157
72 290
31 2859
30 3578
49 1919
68 3637
39 605
98 2969
4 2163
84 2599
76 2946
98 1126
61 276
25 2562
6 391
17 1055
64 1548
40 1594
78 1301
55 3859
75 2634
71 3025
15 3764
98 2706
87 3869
64 2902
38 2485
47 2578
28 1251
79 1961
33 267
60 2188
38 263
94 2124
24 760
94 686
70 1188
63 2536
35 1512
5 2685
44 2352
38 4001
80 1420
31 3499
6 3525
95 215
60 282
38 1509
57 2087
64 2108
31 1421
29 2144
76 2407
87 3463
2 1727
87 1105
10 3541
78 721
60 3492
99 3534
72 1485
56 2615
99 2053
80 2311
76 3659
34 2890
56 3114
9 3591
5 1519
97 1246
37 912
3 3226
60 3360
86 1219
91 4068
36 1578
80 307
45 3222
36 124
32 2403
22 1757
72 669
31 2132
12 2199
26 3120
92 2798
43 1698
59 290
77 1776
73 3715
31 2164
33 3202
51 1293
88 734
4 3763
52 1101
40 235
58 2198
2 1933
56 1919
28 3743
40 891
97 2546
24 2305
93 2688
92 1971
56 3120
84 3226
52 3403
95 1731
94 2998
35 397
20 504
54 1501
12 2893
99 3392
11 4038
14 3883
39 1365
32 2711
85 4015
57 712
98 1660
49 3353
63 3799
7 4036
40 3817
92 1835
85 2929
31 2660
57 2657
39 167
22 2140
78 988
89 2045
94 3461
31 186
16 904
41 4012
28 2811
58 1146
62 2317
78 3085
59 1090
49 3389
10 3641
21 1608
76 450
52 3761
53 3156
61 1038
16 3671
47 2595
22 3067
98 637
42 2127
86 435
55 2647
8 401
29 1340
5 3390
65 1641
89 596
18 552
44 3526
31 1968
19 2130
50 1689
28 2019
3 3137
23 2440
31 340
99 1513
22 2298
1 2626
65 1605
39 425
33 2820
20 1238
19 1279
23 2982
22 1133
95 691
5 1643
93 3480
99 1267
55 1850
74 601
70 496
62 1179
97 2439
79 944
55 1932
67 3883
13 3037
41 3836
86 215
76 2937
85 3693
55 3614
92 1165
96 802
38 2390
3 2280
17 204
82 1909
90 2144
4 1409
75 2518
23 3148
7 2259
75 3380
29 3758
24 3378
86 2702
95 2333
87 3678
27 2784
11 441
35 759
44 328
44 3286
32 1423
82 2450
69 1792
45 1303
22 291
18 2427
25 2806
16 3306
23 506
39 1181
3 581
85 2058
45 835
92 1664
87 1387
73 3634
82 1450
75 2654
61 3488
76 3195
94 445
85 3730
86 3232
80 565
65 386
17 3823
86 1613
80 1986
72 504
69 3610
58 406
79 603
47 1037
40 1000
28 3115
94 110
8 1622
43 2713
33 2682
53 397
91 926
63 4032
22 1907
57 889
18 1474
6 203
67 3548
66 3733
41 4061
76 916
72 733
93 2543
50 768
23 3110
9 340
30 2420
49 3629
27 3802
91 180
19 3848
61 996
86 3531
8 759
95 936
8 3803
19 3803
91 2876
9 2793
99 3407
26 2995
62 1216
58 914
4 3673
84 2186
72 1214
53 1408
25 1890
62 2656
93 4008
83 3372
26 1346
82 57
17 1230
61 3767
24 558
25 190
45 3983
47 2520
71 1722
93 3314
31 2545
77 1048
87 1466
91 2987
45 3198
30 995
79 1243
91 571
4 3899
13 3011
40 2905
64 2133
71 207
84 2253
44 1165
86 767
25 2094
82 4047
51 1420
41 840
49 1102
18 967
84 2884
73 719
62 1777
66 3045
74 2833
37 3376
43 1637
37 871
1 3002
13 2413
88 3450
88 462
69 1204
85 1294
2 3134
96 553
61 3797
24 510
57 905
75 2062
69 539
26 2680
83 2874
50 879
87 1090
60 2778
59 1559
64 1215
26 444
48 971
2 672
64 1402
16 2795
36 1848
27 1370
54 3339
72 1155
10 4083
92 1375
41 1710
76 60
56 2906
50 3631
65 284
18 2532
6 3555
59 2777
85 3574
59 2772
46 1077
81 1139
84 1952
29 2241
62 2224
8 2803
53 1983
6 228
69 384
78 817
35 3836
48 1920
70 2455
13 58
32 2075
25 3257
8 2873
79 3471
13 2591
87 2666
30 1134
28 555
81 138
90 3909
93 544
85 1187
19 3976
70 3576
90 3706
94 170
5 2366
2 740
27 3725
6 1871
39 1728
64 2937
90 1812
51 1882
77 176
70 2469
11 2322
47 1001
89 2664
21 439
50 18
4 3958
83 4033
69 3525
85 714
99 1784
69 1739
44 1206
6 18
79 1402
85 684
2 912
5 3428
28 1110
67 2392
76 172
13 2155
21 696
35 633
8 1656
14 1423
47 3787
73 4062
92 2614
83 3983
11 175
22 3788
66 3575
63 2998
24 1017
93 2135
49 3702
29 1221
5 2283
62 424
34 3199
22 3280
9 910
21 3785
75 3227
75 3441
22 144
100 391
26 2154
32 209
95 585
51 263
34 2535
63 490
94 3336
53 563
51 2759
59 1231
24 2991
63 3095
34 493
35 1427
37 1475
93 258
52 1109
15 2702
53 2809
40 1882
96 351
27 1969
30 3283
67 2028
9 2277
91 1517
8 81
31 3293
42 2953
47 1210
55 2439
91 3959
15 1933
52 1143
70 1432
56 1893
98 1298
5 1371
65 2295
59 2429
100 2561
57 1647
5 363
99 3214
56 1465
75 3646
87 1794
16 3354
22 1976
72 275
15 3424
59 1092
61 1931
42 1109
86 1764
50 605
4 3386
43 2869
97 3093
6 2968
89 2313
13 267
98 1929
28 3735
52 4020
14 3214
79 2080
81 3971
87 2670
16 44
26 425
60 565
22 2898
89 3462
94 1323
21 2354
27 754
8 3644
66 2144
94 2489
87 3195
86 1317
31 1814
55 1093
39 2174
40 724
38 1783
45 2312
52 625
29 2477
79 4010
30 1485
39 3353
80 3348
24 218
24 3466
84 3345
26 494
74 1877
34 1448
54 2721
28 2552
75 3460
3 990
56 2443
74 1935
84 103
91 3022
92 355
77 759
100 4012
29 3983
60 814
1 225
38 1966
97 2644
11 3844
35 997
99 1865
63 3194
71 1356
92 2567
43 355
28 818
57 3765
52 1280
8 1704
90 2844
38 1546
52 1111
28 644
70 6
75 756
22 3597
92 2988
31 2831
24 3726
69 1706
56 2792
51 692
56 2
19 2044
34 3137
83 127
50 3858
49 1
86 895
66 796
74 1008
89 174
75 2991
32 146
92 208
63 2604
51 277
63 1363
67 1170
22 1984
42 100
74 795
89 3346
72 266
92 801
38 1794
28 1358
87 1707
96 874
100 2871
73 3703
90 4079
79 577
81 161
86 654
48 1955
57 157
73 614
47 3544
23 3646
85 1940
7 2056
37 3309
14 3548
14 1518
23 1166
80 3700
61 1006
16 2493
55 1925
95 3310
31 3899
27 2532
48 2873
51 1295
62 2227
82 3765
47 2435
17 3948
54 3063
77 112
20 2492
88 1280
66 3991
73 568
8 2823
25 1602
69 3247
45 3041
27 2016
91 349
82 3472
61 332
94 2993
92 3696
11 1552
23 2091
76 3522
62 3445
69 3046
64 1140
4 3792
17 301
43 2778
45 869
61 3579
61 842
10 1233
74 668
2 1357
3 2088
84 4073
94 2855
91 3452
51 2819
93 2118
86 77
54 2602
73 660
15 3717
68 1979
55 2745
69 2056
1 3994
19 10
6 2989
18 65
98 2179
100 2368
70 1026
46 3935
64 951
63 861
84 291
16 739
55 3047
73 3109
11 1441
72 1576
82 3791
17 2591
63 3682
80 1552
49 1479
99 3298
80 912
32 1551
26 3050
63 1318
80 3930
60 3250
61 676
94 479
25 3330
86 3454
8 3639
49 1610
40 508
82 892
58 2984
58 393
76 3229
84 1661
35 258
14 1426
24 937
100 2972
57 2841
58 3729
10 1408
42 1001
50 938
39 77
69 1676
81 3430
51 1062
67 362
78 1670
79 2376
47 904
78 2018
17 285
9 3453
73 247
9 1103
62 2074
3 2603
40 617
51 360
64 3647
86 2855
20 3516
92 806
53 1142
13 3015
66 2886
25 3886
18 1829
10 2199
99 2230
77 3728
67 1307
22 3218
24 817
66 119
7 3271
53 979
6 2093
80 3778
18 868
60 1183
82 3632
20 2827
69 117
45 3439
98 133
31 2553
52 1208
74 3363
28 1155
13 2391
93 2358
65 3018
14 1056
59 3587
35 1299
18 1580
6 1645
71 2198
18 1239
45 11
88 515
31 2811
78 141
65 3746
47 1461
92 1624
94 1312
41 75
3 3244
42 193
70 239
57 1279
47 2083
53 3644
45 921
31 596
23 2121
70 3156
17 1386
9 3556
63 748
7 2568
59 1627
67 329
46 2208
50 1219
70 2294
94 232
36 1878
32 3600
46 3434
64 136
26 3505
71 3719
71 2000
10 3641
31 164
92 710
14 658
50 2564
69 1559
78 1214
8 2183
6 35
72 1225
27 2761
2 3734
36 2019
26 2091
73 3936
38 722
32 2740
1 1496
9 2675
33 391
26 922
13 827
91 1705
78 3580
67 2973
84 1277
18 1269
34 437
16 4056
63 832
59 2520
74 3279
72 2438
14 516
40 2830
94 2157
51 2855
72 1790
27 1897
89 2201
1 1981
38 2410
61 295
23 2440
34 1277
68 53
89 729
83 864
18 4008
43 86
97 2285
78 2396
43 1129
93 1505
49 1361
65 3798
57 3086
19 2494
77 861
97 3634
30 12
54 1838
8 2920
33 3906
35 4079
39 1476
63 2136
83 3309
65 3959
77 2193
59 326
66 468
99 4005
89 2695
29 3797
89 2906
53 1822
31 452
82 3347
89 3476
90 155
51 1500
43 629
9 1459
11 1429
75 1714
30 1449
41 1069
29 1045
55 2125
65 1899
19 457
89 1581
29 270
64 1169
37 65
96 504
4 3614
76 2276
48 1623
49 530
60 1362
66 1420
10 3334
80 2097
3 3208
59 2297
61 3619
73 477
68 612
57 3537
40 2968
48 2240
93 1075
59 3460
61 27
14 1936
41 1871
71 3818
25 1722
66 2471
46 1717
51 402
23 451
98 1031
63 2522
99 1738
10 414
49 3878
20 300
94 89
70 3135
52 1714
89 1283
60 2017
28 3253
91 3837
1 1061
82 2112
68 1019
70 2574
85 3612
35 838
17 96
47 1416
95 3860
68 720
50 3528
26 3807
98 3869
3 3717
13 2118
50 3898
38 3599
41 593
62 958
86 4062
29 3381
43 401
56 1421
84 3870
33 3320
65 4082
75 2926
72 3464
78 1423
48 1627
72 2445
4 2621
80 3340
14 2469
57 2283
90 673
71 3236
33 946
24 2888
27 1744
67 1212
42 765
85 1425
16 2739
39 3216
53 2290
12 1696
71 3511
3 4028
83 1139
86 220
47 3781
55 2883
34 4015
94 1349
86 3785
56 3391
5 2600
92 585
54 3566
36 1510
44 1267
17 2574
38 47
97 2564
81 622
44 2995
90 2142
5 936
76 3455
88 3722
63 747
40 3595
38 3735
39 492
65 3882
1 868
21 1110
21 1734
88 1849
81 2341
2 2984
47 2776
22 3020
19 3089
2 1898
14 1424
4 1634
82 1893
36 1005
84 380
46 289
59 1842
54 591
27 2553
47 3776
13 813
83 2036
44 3692
63 3202
5 3336
71 1302
31 3646
23 1584
14 111
36 3826
62 3378
86 1737
51 1415
51 602
35 670
37 668
50 2943
11 973
75 3661
6 1127
40 1080
100 3562
49 1267
33 2070
85 3637
63 1866
54 1816
70 4040
90 1833
33 3101
22 825
76 3983
92 2374
15 2210
10 936
100 741
47 1667
22 2643
73 1254
60 213
26 2415
7 3711
74 1584
35 3364
48 103
92 1821
40 2039
39 599
4 2565
100 2253
76 2047
65 1418
49 3198
20 2550
43 580
82 1149
6 744
99 3127
64 321
46 1647
52 665
32 1351
55 1078
73 3018
27 660
22 3046
22 70
28 2322
75 331
43 3622
78 3537
38 3903
64 1436
14 2511
21 1231
42 2180
48 3529
66 502
46 1382
64 56
13 597
78 650
75 3469
7 3933
51 3746
66 613
26 35
63 3369
91 3352
20 3227
87 1845
86 2382
85 743
39 1786
40 2306
54 68
91 847
89 3569
35 3687
65 4017
96 2767
17 2425
85 952
14 175
55 3481
89 693
93 614
78 2505
24 1861
58 3479
70 2035
18 2972
41 166
76 3099
53 1753
64 3092
23 3552
25 3223
11 3118
86 614
22 2702
10 3730
48 284
94 575
56 2331
38 2213
62 3503
89 3150
13 3532
29 3425
56 1076
68 1610
75 3840
37 938
81 38
55 1266
47 2856
67 1958
3 3036
69 1186
11 2490
39 1540
12 391
77 1468
94 2745
44 1014
100 3216
79 255
55 3359
64 1724
40 2742
89 2039
81 3888
84 544
67 2432
97 1
57 1031
52 2721
65 2133
96 1247
85 888
8 505
51 786
63 2965
5 1950
44 3444
43 3581
82 2095
40 1286
62 2102
17 271
87 446
97 3642
46 2722
18 3257
20 2459
32 2131
43 54
64 3721
91 2964
82 3610
64 2168
18 3697
2 2369
62 2804
15 507
26 2477
8 278
42 21
35 3700
45 2870
66 3325
32 928
62 3820
16 2300
67 2125
38 902
24 811
79 361
64 1388
44 3554
22 2141
30 2845
43 3955
33 1321
34 2046
83 1523
58 998
10 555
65 3001
23 3408
73 572
65 1224
66 715
25 465
35 652
6 3996
89 1855
85 1115
10 1513
63 1175
46 2529
46 735
63 1051
74 151
32 48
62 984
7 3771
52 2000
21 3792
1 2491
47 2386
11 3139
97 1039
21 1858
15 2592
100 2013
80 1633
67 454
100 4036
73 2639
39 66
86 605
60 1733
69 129
68 973
87 1775
78 913
53 3502
95 974
31 406
9 199
26 492
27 1068
34 418
36 1550
60 994
91 2582
23 1355
86 107
35 1646
63 5
72 340
22 140
18 2868
1 1008
29 581
30 1594
53 3037
98 2018
38 3669
95 2414
10 1085
47 2164
39 1116
74 3921
89 3348
98 2084
28 747
88 3433
86 3336
92 2791
53 1550
72 893
34 2949
94 3943
5 2380
20 3087
76 3158
98 1807
2 3424
39 2938
7 1460
54 2266
6 3149
78 1724
84 1946
62 2208
47 705
92 3984
54 1913
2 2078
76 1994
76 3660
43 2222
66 1232
97 3000
38 127
96 999
89 2569
35 3994
96 2438
91 613
6 1241
42 3649
68 875
86 862
56 1661
95 4020
64 3909
9 2593
33 3693
37 1118
59 1860
12 2115
84 2166
17 528
15 3855
88 1056
96 2457
69 2127
75 2074
84 2187
66 1746
66 862
19 158
10 2603
30 854
72 3572
81 1739
39 3045
32 3603
48 314
13 615
18 264
16 1978
23 2306
43 1282
24 3688
88 2505
41 490
66 3907
56 2415
52 2715
87 3377
13 3481
1 164
31 1800
41 2251
86 1846
3 1389
95 809
95 3777
82 4090
49 1021
11 3821
74 1064
43 505
23 199
59 1273
79 3575
33 1803
66 3643
30 119
9 1919
64 215
68 1691
87 2906
99 3113
83 643
89 1301
88 1547
21 3998
47 1747
28 1174
51 3674
80 3675
36 294
49 885
52 921
32 2375
20 2015
77 2158
12 1340
78 3722
26 1211
39 2349
85 3291
47 711
1 2350
40 3959
32 2536
89 3307
65 2661
84 3240
45 2899
34 620
65 1487
26 1640
90 3951
73 711
73 2191
80 3821
21 1214
40 2325
3 2319
27 1394
50 1627
53 3586
3 700
33 3772
2 151
67 318
81 3072
93 366
47 3221
88 3991
80 39
80 2700
96 55
25 719
1 3115
84 3131
18 2716
16 836
71 1253
19 2916
19 806
89 3039
29 1093
72 2707
50 383
98 1533
30 2221
80 1673
99 1064
75 551
59 407
1 728
46 2205
95 2441
69 2074
92 763
51 397
37 2659
17 3108
6 1706
18 3871
98 3911
31 3374
24 173
85 3878
31 423
60 308
70 3310
52 2713
26 1872
30 2913
58 3568
1 2338
10 702
53 3399
87 742
69 1549
69 1071
66 2044
31 1166
45 1966
97 2013
45 2738
66 688
30 2879
15 2043
59 1096
42 908
17 3644
81 685
70 4015
90 2023
3 1982
41 2292
5 240
22 1754
85 950
10 381
83 895
76 945
65 3626
75 1371
65 405
38 4057
24 3886
1 2897
37 2070
35 1175
4 3916
11 3980
3 2828
61 2263
49 1306
67 3367
44 3710
47 1876
35 3202
87 3863
94 1428
79 3557
94 371
61 926
72 3180
72 2395
27 1470
35 3057
65 3915
67 3977
17 3865
48 3324
78 3462
72 2620
19 254
10 2076
33 2112
28 2898
22 3893
59 825
88 1827
20 1878
16 1402
94 3497
100 2060
49 2344
44 2528
28 1209
42 2675
84 364
12 2117
24 512
36 3975
74 2613
43 3136
1 2650
14 2560
47 66
25 1268
14 1085
3 2842
92 1058
10 903
70 3167
73 1997
14 2408
49 1873
80 148
40 2233
92 1426
84 2101
16 2138
64 410
31 429
6 1668
13 908
57 844
6 1686
27 135
68 1227
32 190
83 2148
18 2458
16 3813
14 959
43 1865
3 1122
98 3623
75 2108
55 3208
23 1467
92 92
74 1985
45 4056
75 2533
51 154
46 725
38 687
46 501
24 3775
11 1546
59 422
79 1449
32 101
36 3998
85 3235
56 3328
42 3677
76 1006
33 3334
2 727
8 2163
67 1693
62 536
97 3253
22 3651
2 1756
24 3368
88 4019
84 2664
44 2680
86 1191
47 1031
84 3126
64 312
24 1478
50 1755
64 2488
75 2393
31 1543
61 3236
33 2250
83 1073
45 3
15 893
46 819
100 371
61 1387
9 2780
72 3436
11 2779
41 32
77 361
79 3883
33 1445
77 206
12 2426
7 1479
18 3976
17 396
84 50
42 247
96 3223
81 1820
98 2049
79 901
51 1976
20 1168
28 3451
34 992
59 2283
5 1383
72 3652
69 13
67 245
72 206
2 1622
32 713
20 2085
52 2653
21 3690
25 767
53 389
2 3904
47 2888
92 541
98 1996
79 1685
59 687
9 985
87 2104
74 1224
97 1642
84 376
22 371
85 3762
69 2485
64 1533
57 2366
53 2615
5 2140
60 2230
91 982
22 1590
41 1514
26 2599
65 3764
67 3246
9 1662
81 938
41 2553
75 1997
26 1034
81 3814
7 773
37 459
80 1392
64 2951
89 2505
24 4041
70 3017
60 3539
100 2270
48 3992
31 2212
89 1867
97 1435
31 1610
53 3296
7 1771
48 3659
22 2884
94 821
2 3327
74 2181
15 3247
73 1718
77 3785
55 1280
80 3822
8 417
8 64
83 1359
77 223
54 2999
46 529
30 127
80 3515
3 1053
57 176
57 1920
71 238
49 2015
54 3528
75 3605
41 2690
5 748
37 1776
90 329
74 2663
47 3991
96 1792
89 2507
51 968
60 3955
19 2696
30 469
97 1319
88 2858
86 1682
87 4002
47 2291
29 3027
82 2759
47 1968
13 2585
78 420
21 1883
87 1491
62 2390
77 3992
13 3127
73 3922
41 2848
11 1098
25 953
7 707
92 1655
5 3213
5 2991
80 1642
95 2946
77 1759
28 891
37 3581
8 502
20 173
24 3840
82 3976
3 2680
45 3023
93 1979
49 2780
37 3365
8 3950
7 2980
59 3738
49 3555
68 2560
50 553
16 3629
70 1423
81 585
31 3798
60 3757
58 1440
12 1918
58 2316
85 2954
69 2496
87 3843
83 205
76 3207
84 788
10 13
48 3713
41 2393
64 3346
13 2206
87 3440
78 1332
79 453
45 104
5 3849
81 257
77 1768
47 3627
64 3487
94 1635
18 311
31 1517
84 1192
85 967
97 2789
44 3487
20 941
79 2914
14 3971
85 66
8 1977
42 1876
32 324
46 1620
62 47
94 3987
46 805
47 285
48 1219
79 2436
79 326
78 2042
94 2548
47 2659
83 3875
76 2050
96 3045
25 1403
57 1234
26 3082
61 2180
1 1638
44 283
38 883
30 3172
86 1412
89 1047
58 666
71 216
41 1921
35 1952
94 1750
89 3798
12 173
91 2078
66 2215
9 2130
60 3144
65 1677
94 3914
16 3247
5 152
41 586
38 3791
66 46
67 796
97 1488
85 2897
81 1600
81 2124
85 2227
26 3837
16 4094
96 2672
86 2813
77 2426
19 3718
57 2160
95 3394
74 1008
23 3469
63 1340
100 251
56 2049
47 3209
56 1431
39 317
28 1598
70 4055
86 1988
64 2662
9 638
95 2893
93 2490
59 555
1 1533
7 1204
52 786
14 3012
90 3304
100 2909
95 3462
30 1810
91 3539
96 1136
6 443
90 1746
41 1984
31 3877
25 2733
99 3874
73 261
93 3041
15 2434
36 3880
70 4079
53 2280
24 1822
89 310
80 1760
42 2694
95 1147
51 3283
66 885
19 3507
25 3398
68 3786
26 168
74 608
69 589
96 146
95 3084
57 4014
81 2417
83 2072
33 1672
97 2283
6 1012
65 1852
84 435
14 1417
4 449
58 3394
44 3835
73 3216
91 296
6 897
19 1690
6 91
11 1040
11 91
16 2831
73 1433
58 3841
92 1642
71 449
50 4011
37 67
8 1512
89 3212
96 131
52 3993
19 2790
66 1840
73 1596
67 947
22 1494
41 4058
3 3523
30 2114
92 3981
3 29
27 3459
51 3106
75 3995
17 1506
73 1632
74 1055
42 2987
18 3206
67 1676
100 2172
66 3832
34 2000
42 1839
65 229
15 2579
29 1521
62 351
78 2816
73 2751
5 277
66 1626
87 611
68 128
24 1002
88 3871
26 877
67 1211
24 2768
73 2892
45 676
59 3253
32 3316
8 2726
55 3852
8 2259
25 1665
40 1363
84 303
67 1995
97 3294
34 382
58 1280
84 2949
59 544
72 2947
47 3118
32 3415
1 1611
44 275
70 3423
69 1398
75 2320
57 3266
19 155
17 3927
80 2934
40 3521
1 1803
21 67
82 20
66 3565
74 1021
11 1378
87 830
85 3996
56 89
2 1146
65 4058
92 935
84 1480
1 3563
9 976
3 433
14 1263
71 1027
66 3512
27 323
36 3377
17 3066
94 3353
30 265
57 167
35 1753
44 1726
55 243
85 3451
93 3521
46 2695
57 3107
17 355
58 1142
15 532
73 206
25 3165
24 4018
93 2141
71 1765
39 1597
22 2434
82 2108
12 2430
83 2384
14 1792
98 1710
91 842
96 840
47 1834
35 3447
12 1183
11 1215
81 839
43 1291
56 1565
7 2025
14 2112
4 2577
57 1498
28 2298
14 1845
91 4092
94 1974
55 572
48 2205
63 1751
100 2437
49 396
32 2223
82 1783
23 476
15 3688
79 3842
12 3031
4 3031
8 437
67 1142
24 3464
35 1266
51 2826
18 3957
44 2761
42 3444
48 1477
82 745
59 1260
20 2969
91 3806
42 3018
36 3957
92 3971
65 2730
92 728
21 35
69 2036
60 1367
88 3340
7 97
47 3187
53 161
87 735
84 1055
87 2271
8 2321
28 3504
77 3144
90 2478
29 298
33 3874
12 1102
73 3191
40 3708
26 2498
93 1025
52 1281
5 1423
8 2604
97 1622
14 3240
74 1970
51 2027
65 1929
44 2793
74 3612
46 2557
29 286
7 3084
82 4085
18 3702
9 3073
70 2197
11 2901
52 2875
75 1482
15 272
63 569
50 371
57 2705
71 626
73 1637
18 2837
86 737
25 1819
13 3310
92 1737
14 2310
85 2685
42 540
35 1540
5 3481
16 1375
66 13
93 2450
14 812
8 842
32 2161
90 273
53 1406
36 3621
55 3515
85 2905
44 1097
45 2842
9 2955
5 3657
32 2096
32 2293
89 2680
22 730
91 3721
91 1842
6 1152
91 586
94 110
75 3176
8 1371
20 1256
32 3476
89 8
99 285
4 578
65 503
78 393
63 3515
58 2577
32 2692
27 829
79 2437
98 2304
46 1524
24 2073
83 3367
56 1266
63 3328
5 985
41 840
90 1897
47 335
61 429
21 3410
61 2892
69 3327
92 1751
55 1038
71 116
65 1342
57 1359
40 1420
64 3358
60 3896
62 168
80 1807
56 1982
21 256
34 1894
89 1318
45 1573
85 313
55 2215
30 3281
43 3910
22 423
45 1138
14 3796
15 2493
80 645
24 139
31 627
36 496
98 433
97 450
66 3077
46 2298
81 1249
93 642
77 2747
8 959
89 1628
12 914
11 2494
27 826
6 1970
52 1493
81 3083
92 3478
59 280
68 1169
32 1853
78 2649
65 3882
26 3534
60 3745
44 1604
36 2491
50 2603
32 1828
40 4026
77 296
26 2297
30 3409
39 2797
8 1510
17 2947
22 3334
3 2367
68 693
32 1555
13 2199
75 1617
81 1580
99 1480
3 3550
53 3107
33 2830
40 3127
98 2986
55 1733
87 1695
96 3760
16 2082
46 4051
26 3833
10 3115
3 572
39 2527
11 757
99 1461
78 1319
43 4055
81 1778
77 2194
11 815
35 1065
53 414
57 3440
27 2758
3 1173
83 808
43 333
47 825
72 3529
69 2770
21 1790
72 1363
8 44
97 736
34 3807
66 2068
8 4058
49 1504
90 879
21 2700
31 2659
55 2241
92 789
5 1755
9 549
36 1113
71 419
43 4086
63 1519
66 2700
50 2275
63 2005
53 3151
24 1542
89 3672
85 1984
99 3651
92 1130
91 3193
56 563
21 3311
31 1983
1 53
21 95
16 2698
10 2801
68 3464
25 3112
86 120
65 2451
43 701
94 1929
87 465
82 597
85 1845
79 3302
83 2833
48 692
34 3160
98 361
5 3580
17 2637
31 3869
96 1369
92 2209
43 3682
61 60
27 3164
24 476
28 85
49 823
66 3379
67 477
66 2444
33 760
4 1301
23 1868
13 3189
64 1493
73 1531
73 183
41 2513
54 2631
32 766
26 1244
90 1330
70 139
9 1624
67 586
40 155
41 2775
88 1587
15 1296
20 2186
12 1140
37 2392
11 737
69 1564
43 2388
97 2376
11 3178
46 1600
40 222
68 3931
79 3195
9 2152
1 1444
34 2419
48 321
49 1431
49 129
95 2783
61 535
78 135
14 2579
74 2457
60 2119
8 880
72 3183
62 3147
33 702
22 58
18 843
4 789
60 2984
27 2624
36 1945
70 3976
83 1559
2 1305
21 2524
25 1701
46 3720
36 2886
59 3293
72 991
18 3137
28 2043
99 3524
3 1046
35 954
69 1427
50 882
22 1281
85 1320
33 2481
51 2249
41 292
40 2664
65 582
24 1016
41 1758
80 2620
80 4035
3 2535
40 362
12 557
12 2289
46 3093
97 3878
8 2057
91 62
89 2347
58 2081
59 3530
78 2774
62 138
27 505
38 139
71 708
89 1427
29 2064
19 2856
64 3420
25 3825
98 2168
93 1368
46 1994
70 2583
62 532
76 2639
14 2465
9 3740
82 1438
46 3412
85 2454
14 3214
37 2724
57 677
52 3825
13 1153
17 2189
88 30
86 2137
64 63
89 531
38 1878
32 1382
41 1869
43 1303
16 867
24 1926
44 81
65 1957
13 2600
33 1161
16 3581
29 2175
62 3435
64 2125
65 2884
68 2102
53 1555
3 2185
63 2205
83 510
76 3147
59 3055
19 2988
71 3983
43 2600
7 1147
4 299
65 1598
53 3536
42 3134
83 2281
75 2987
63 526
32 3161
74 466
55 1705
72 2009
20 2742
40 1578
24 2391
45 3674
45 2165
69 2761
18 3609
41 3387
94 427
24 3785
10 1310
98 393
63 2943
6 4045
72 374
81 1215
71 2857
32 1647
7 2873
28 591
29 1100
11 606
21 1455
8 3258
74 1467
34 1199
69 3159
75 3151
54 2448
99 2557
9 959
67 1840
3 2466
26 869
26 613
11 2182
53 714
3 2325
24 2683
90 4049
97 336
83 2829
58 2741
99 1403
89 885
87 3913
28 3633
28 1562
3 1045
91 3244
62 3889
34 3370
26 20
90 2674
2 3083
2 2755
6 3777
15 2816
45 3370
26 3513
10 4081
34 2001
69 889
71 1523
70 1897
51 3591
17 2000
96 2195
23 365
96 625
19 3397
75 2769
85 769
88 1402
54 1609
18 200
29 51
4 1114
16 1666
20 2873
90 3306
67 1155
57 1134
1 3228
2 24
8 848
96 3134
44 2401
22 1007
14 3944
100 523
91 112
82 2246
77 1513
72 3861
85 3377
70 2655
19 183
64 3783
10 1189
66 3165
36 3130
50 1556
94 2007
14 1139
98 1081
37 1900
93 2234
38 2417
18 3961
69 4034
73 1155
4 3676
69 2283
62 650
83 3072
46 1411
41 1919
50 3538
17 1431
92 1683
80 2240
58 3704
2 3631
44 27
