1024 3500
57 325
26 649
60 164
79 207
17 875
89 1012
24 700
1 393
68 270
21 702
33 588
93 939
19 945
55 851
98 614
27 766
14 236
98 909
15 84
83 564
82 91
67 98
98 420
66 378
13 254
67 65
13 668
95 963
96 782
29 86
55 491
51 285
59 217
97 101
80 260
8 234
2 191
71 116
94 820
17 274
25 547
50 889
94 316
19 778
49 591
87 444
53 689
76 783
89 896
40 181
3 523
34 481
73 744
56 298
91 64
23 587
6 908
3 800
20 253
93 272
71 391
23 899
19 418
38 960
74 517
80 420
75 529
80 728
16 471
65 786
58 572
20 120
11 798
67 654
46 447
50 868
89 616
90 891
26 375
66 299
55 941
74 906
9 594
29 692
92 609
81 574
32 800
69 611
73 587
76 598
45 141
85 845
53 159
91 766
53 513
76 400
5 757
41 874
6 889
89 366
13 994
51 629
21 607
91 318
53 454
63 177
95 332
33 327
26 707
76 1022
35 107
89 624
3 677
5 165
49 1013
58 1014
62 444
58 727
26 832
28 194
17 934
30 855
41 366
9 730
88 224
48 243
86 100
62 169
17 314
49 293
10 862
26 260
13 899
58 306
34 1005
71 967
30 868
13 131
13 954
40 256
5 563
22 483
75 339
31 415
52 983
7 954
36 989
89 76
19 150
89 545
34 879
7 19
10 259
37 930
40 1009
73 341
15 659
39 185
81 449
31 625
51 282
98 202
74 742
37 84
35 657
48 1020
87 90
34 208
25 163
69 536
99 273
12 693
87 674
6 904
74 452
52 504
25 33
13 978
86 981
42 640
25 665
91 99
95 648
58 79
46 418
34 956
71 466
61 597
99 478
76 213
53 979
100 638
27 397
27 760
13 628
35 966
61 1009
52 1023
1 346
77 418
39 690
94 429
59 974
18 246
71 477
86 331
72 149
4 418
49 535
14 898
54 528
3 406
77 878
72 121
67 480
78 962
62 887
66 276
28 367
33 238
28 978
25 251
55 512
48 647
62 821
20 160
65 334
81 837
80 969
21 386
4 470
3 569
21 689
89 144
3 341
50 874
43 950
32 397
53 768
3 459
44 539
82 888
96 158
100 35
66 632
73 526
70 743
86 410
95 914
41 438
99 934
31 525
15 387
41 272
46 939
34 693
69 323
1 301
28 232
43 582
24 755
15 941
90 152
86 880
78 878
85 272
68 580
20 622
34 692
49 71
6 598
71 35
100 295
43 376
27 669
25 366
52 15
46 873
94 607
28 207
8 1021
50 223
84 249
57 517
32 713
47 522
91 325
16 182
92 890
73 122
94 489
19 933
39 768
89 669
46 485
55 809
33 329
80 32
77 852
84 493
44 110
50 826
98 545
80 29
74 540
10 943
1 636
16 507
95 608
75 728
24 2
45 548
38 520
75 906
63 102
26 886
87 363
44 645
39 671
77 292
74 823
35 190
18 38
17 813
57 847
4 713
24 4
40 153
23 815
27 869
24 408
43 103
79 394
99 653
60 395
33 225
65 131
11 627
68 87
47 812
21 930
8 757
50 736
5 432
66 943
61 417
87 1007
3 73
92 241
85 415
32 645
87 828
35 29
30 942
27 844
30 24
30 205
92 659
40 664
54 441
83 342
98 909
20 352
37 699
5 681
65 204
42 728
83 52
52 437
82 871
92 699
78 1005
3 649
3 819
68 705
99 870
26 68
22 346
48 710
60 1012
83 109
91 668
28 197
51 567
37 688
57 889
98 282
5 241
54 484
95 194
68 269
75 185
93 793
90 756
6 550
95 844
74 933
11 469
9 182
31 738
97 424
78 207
25 446
99 611
41 481
4 68
89 842
53 61
74 782
72 64
91 534
67 964
54 370
68 547
43 419
8 395
38 861
37 522
18 23
92 187
31 911
66 228
25 506
4 314
12 80
29 570
45 260
70 31
77 917
13 155
39 836
61 128
56 126
42 953
36 757
83 651
80 369
38 348
18 141
53 113
20 14
35 833
29 168
15 901
44 415
27 371
98 579
10 897
36 123
29 852
36 940
90 499
64 331
22 133
71 482
14 691
7 928
7 767
3 337
95 130
99 673
80 976
8 998
52 931
92 648
66 975
95 211
45 846
33 270
91 1012
92 200
94 222
3 152
89 173
72 607
2 214
4 802
17 483
23 1012
57 870
51 123
45 174
29 245
3 874
7 973
69 242
100 514
99 250
13 427
10 128
22 724
57 265
45 505
39 251
44 111
32 102
69 916
91 566
17 270
15 651
90 251
24 366
96 330
95 404
13 13
95 766
68 871
62 212
75 752
30 842
46 557
63 71
89 194
16 585
99 26
31 680
64 78
81 15
79 636
18 139
80 948
28 359
14 909
10 120
88 7
9 474
3 879
52 1011
76 155
99 510
100 781
66 455
86 186
21 241
21 886
7 444
53 259
50 578
75 347
5 779
53 633
48 916
35 771
50 535
69 449
88 80
81 185
82 39
51 1002
83 167
43 657
27 647
27 388
60 34
39 896
16 63
80 15
98 990
65 856
28 685
100 520
52 484
72 273
50 50
86 800
49 88
25 827
22 323
2 933
52 924
48 143
35 283
33 940
44 941
83 748
29 26
91 340
18 946
64 7
40 861
51 188
76 215
14 657
77 179
81 893
59 344
99 41
58 168
28 874
28 727
73 685
48 839
40 237
28 612
32 731
52 26
6 372
60 907
28 776
34 569
68 140
40 655
88 514
50 135
51 905
29 959
37 589
89 565
93 508
32 44
35 599
9 108
14 308
59 974
8 52
54 703
39 405
93 370
42 130
92 256
71 341
18 575
1 962
35 729
74 266
69 660
53 841
51 810
97 757
63 184
56 252
30 998
13 195
71 550
64 847
50 334
87 995
41 67
25 1023
79 354
45 543
9 105
76 755
18 484
72 649
79 271
48 528
73 532
30 587
66 22
57 863
79 571
33 239
81 741
50 408
58 502
58 58
46 285
29 495
56 276
95 410
30 1019
94 790
6 635
49 583
20 761
89 1011
52 230
21 944
82 462
43 16
15 253
57 544
85 885
27 281
88 133
78 682
67 603
23 653
46 799
47 869
28 632
15 843
61 56
62 806
9 65
33 456
9 894
87 853
26 1013
85 890
86 799
83 248
85 993
28 590
28 87
99 279
66 265
37 554
52 858
71 837
58 132
36 214
45 242
59 754
87 151
87 352
9 141
75 302
78 475
75 877
81 301
15 254
38 227
23 885
4 117
1 982
96 964
27 248
62 213
14 412
32 596
71 288
25 337
85 846
99 456
10 347
36 828
24 297
26 382
18 89
39 854
42 746
58 217
78 975
57 971
18 792
46 100
32 254
84 644
23 223
31 772
61 831
7 145
43 604
82 260
13 1024
30 738
58 883
74 715
57 359
81 170
22 178
65 181
48 704
73 506
30 899
54 471
21 828
27 808
44 116
75 76
80 132
13 861
42 743
75 822
69 187
27 202
32 235
95 795
39 183
1 840
21 530
10 762
65 900
57 740
96 587
19 107
87 604
15 708
70 493
82 398
47 472
79 18
99 981
9 621
91 65
56 196
14 722
53 926
53 477
42 588
91 432
26 757
43 636
9 332
84 946
49 782
49 304
60 75
52 588
35 399
76 107
6 221
8 526
70 400
70 763
12 16
23 657
41 181
33 189
77 372
90 217
98 502
56 929
89 780
24 247
54 119
17 747
91 156
20 460
40 225
23 519
100 369
91 1012
9 419
40 37
91 285
66 920
71 773
96 339
84 291
33 681
73 938
99 747
77 650
74 624
58 380
18 90
92 269
49 273
83 253
41 453
69 562
64 299
79 147
97 838
81 198
51 845
83 897
67 179
19 749
79 372
40 920
85 852
56 538
36 851
22 408
15 302
34 627
81 256
89 213
77 186
10 563
26 520
28 573
55 958
37 477
25 400
80 766
11 536
95 326
78 44
26 640
9 679
22 945
74 1015
18 1002
36 543
77 181
75 976
57 737
53 25
13 189
21 560
38 651
31 208
81 432
99 686
52 596
16 289
96 249
39 649
38 454
96 766
87 206
21 363
50 601
36 106
54 812
5 719
90 736
23 390
95 153
27 190
80 390
23 240
82 757
44 864
87 31
85 821
8 298
15 153
34 546
70 663
61 923
30 771
66 260
24 776
76 187
10 136
44 420
35 190
44 238
45 338
17 633
2 504
90 293
85 804
22 914
14 147
84 799
85 421
46 28
61 446
10 114
81 790
53 955
31 684
44 1007
26 436
59 131
88 521
99 572
76 237
81 741
55 249
32 275
65 549
50 841
2 516
46 550
65 462
48 235
94 648
73 119
3 831
1 998
79 672
17 626
72 1006
95 266
14 858
16 898
6 841
3 352
28 644
93 612
46 357
90 203
36 38
13 38
93 569
32 171
12 556
29 99
97 115
60 766
100 903
88 329
44 330
68 27
89 557
67 30
57 460
28 892
18 552
81 342
53 940
32 312
64 284
51 1008
34 774
22 345
37 365
42 348
2 329
54 642
73 1012
80 773
76 903
72 945
99 545
54 527
68 773
70 931
97 224
47 430
82 640
67 626
80 424
1 673
20 322
26 613
26 961
73 757
16 1001
97 246
49 938
20 980
38 585
3 718
9 777
68 782
68 898
11 371
93 331
83 24
16 308
8 961
17 997
45 60
29 345
49 469
94 52
96 944
8 286
17 420
98 760
9 429
69 559
67 929
81 817
77 517
61 564
41 345
16 122
12 484
30 708
72 724
79 352
7 370
69 255
54 675
59 966
87 623
85 878
40 365
6 456
65 770
51 310
94 531
95 493
14 896
16 942
51 934
57 213
32 905
84 45
95 458
2 634
68 486
39 583
3 132
74 707
62 9
24 991
43 422
64 528
46 635
93 888
25 713
57 824
26 544
96 124
33 853
5 32
35 219
59 141
39 628
3 228
8 839
58 150
96 653
58 529
52 98
93 808
51 469
87 380
92 450
51 988
30 236
75 592
2 609
52 804
17 555
43 848
33 201
26 604
25 651
73 92
84 501
55 534
17 481
13 956
22 392
83 184
71 913
19 56
42 483
64 710
77 866
33 381
10 506
40 895
92 68
62 880
80 861
61 512
57 278
55 223
37 337
34 271
94 156
30 723
26 161
44 650
51 940
62 44
90 990
46 553
65 900
60 601
76 797
92 28
46 531
14 718
35 655
92 68
3 289
14 424
14 173
82 452
89 55
75 510
96 409
10 53
32 446
9 1019
42 740
90 267
98 272
72 89
2 947
12 712
83 946
84 660
86 161
11 182
59 582
3 235
10 729
67 249
34 939
99 367
26 264
65 900
91 592
60 437
98 119
100 724
48 235
28 134
51 446
11 610
27 1006
16 992
30 106
28 859
8 458
41 673
14 833
60 232
92 511
52 913
90 792
20 669
38 971
74 397
89 93
98 395
2 825
3 783
46 578
45 949
60 817
89 733
41 121
80 1024
67 608
24 236
35 499
49 376
94 682
12 838
10 753
100 847
73 570
41 458
36 197
22 135
21 979
71 613
11 806
96 705
33 499
37 763
14 821
43 419
10 886
44 228
15 439
82 143
49 655
57 108
59 982
30 840
40 84
92 1010
1 16
31 254
58 607
56 487
55 106
33 880
4 112
35 582
71 133
56 535
91 300
54 613
42 883
80 169
86 856
35 830
15 845
75 360
35 51
47 829
80 727
56 123
7 767
4 365
11 404
99 661
23 516
53 960
38 677
1 315
60 259
12 354
3 179
97 505
69 535
29 384
26 992
35 52
26 186
12 608
1 290
40 268
13 493
91 154
29 307
76 652
77 587
13 643
25 693
67 993
4 431
45 441
31 859
12 108
20 907
96 609
84 959
48 976
83 54
49 571
81 572
2 925
14 178
40 899
75 666
35 50
53 195
10 471
61 981
42 49
47 269
57 10
76 508
29 630
93 65
73 921
52 374
34 769
40 341
55 398
30 486
95 54
72 936
16 709
28 78
69 730
46 389
55 549
80 699
83 432
11 331
97 374
28 126
78 231
2 761
84 447
26 50
65 901
85 1024
33 852
89 317
85 423
77 271
7 576
73 101
28 707
95 312
96 111
5 174
93 902
10 969
88 131
58 824
35 979
84 592
6 900
20 339
58 589
33 245
4 554
57 123
40 776
58 292
74 870
13 202
71 374
94 47
60 140
14 510
98 669
13 899
73 985
97 842
85 822
98 688
39 407
23 586
6 220
17 19
98 317
48 812
50 366
30 169
97 704
55 598
96 755
48 892
3 685
50 239
78 771
27 832
1 713
97 310
84 246
88 997
42 548
1 228
29 618
4 393
29 50
18 645
29 437
44 495
61 197
22 578
92 636
57 96
52 778
2 231
19 733
16 560
24 988
7 144
49 159
80 878
20 501
54 1012
14 1009
83 10
42 192
68 125
55 972
76 126
81 625
92 723
18 559
63 589
26 21
49 79
31 244
56 387
77 429
2 658
5 856
67 594
91 230
30 849
10 938
54 902
86 306
41 871
56 859
48 362
23 144
60 34
23 371
56 107
75 793
40 187
45 407
77 647
92 474
84 813
15 421
43 925
38 267
55 566
89 182
79 979
97 342
64 712
56 407
70 486
80 558
60 800
20 428
10 575
46 893
16 264
86 30
60 1015
44 935
20 396
68 458
94 417
39 338
88 486
80 921
75 919
70 619
82 393
74 92
52 923
88 307
31 249
76 326
48 631
8 795
2 328
17 351
44 3
4 847
1 408
91 435
42 173
13 996
49 51
19 508
57 22
18 111
31 125
29 510
63 672
48 756
63 508
59 718
71 770
40 999
97 259
49 455
43 438
14 995
48 488
95 436
89 268
43 779
5 983
100 123
58 544
83 605
63 961
82 537
54 838
7 859
4 920
93 502
69 714
88 820
41 950
23 685
46 777
52 586
39 703
20 341
50 562
21 249
94 218
49 180
75 272
2 102
67 302
23 499
3 51
54 167
96 524
23 169
45 266
42 1011
77 438
31 166
15 247
42 473
57 175
60 495
2 665
61 612
58 175
54 956
97 379
2 201
86 948
85 154
98 99
17 134
92 467
51 510
54 713
66 154
87 609
92 308
89 220
55 190
39 1004
5 619
66 218
31 235
82 164
85 331
94 529
56 797
51 762
90 684
2 240
65 312
84 461
27 73
12 513
18 50
40 383
89 849
80 463
12 741
34 448
91 887
100 510
63 946
56 941
58 697
12 418
97 1003
30 603
67 534
56 313
43 583
11 227
56 270
2 467
51 291
66 33
14 865
91 812
18 790
80 367
54 883
49 446
38 638
25 912
23 116
92 730
78 894
48 81
92 621
3 126
36 436
38 41
84 700
76 38
77 556
80 927
98 164
32 251
10 372
91 948
39 338
49 161
88 585
53 347
49 788
24 68
23 629
84 475
93 960
64 769
19 915
51 904
27 1019
3 856
94 269
71 853
30 408
1 813
20 229
47 148
60 606
4 191
35 323
45 515
50 152
99 748
54 930
36 96
88 758
19 265
86 706
65 607
61 81
32 56
70 530
99 301
52 418
15 322
93 131
16 998
18 70
14 324
67 325
55 898
42 346
87 59
15 231
93 115
20 36
58 621
6 372
21 677
62 388
46 506
46 809
99 800
78 176
91 853
64 517
2 557
22 864
83 888
95 256
14 382
51 147
54 856
79 898
16 284
61 481
97 779
73 243
74 119
11 652
99 918
60 672
83 1006
44 41
69 582
40 847
51 587
5 940
50 487
29 926
26 50
78 534
96 647
21 357
57 171
36 711
60 127
58 514
80 869
7 977
42 850
35 364
92 767
47 830
26 68
11 999
17 88
25 944
94 261
84 474
31 259
56 494
65 518
32 493
70 538
97 788
39 219
55 775
21 406
76 190
81 286
49 589
29 673
60 83
21 783
72 339
13 716
92 401
45 815
25 570
16 313
77 691
51 460
89 492
37 1020
69 313
53 845
65 653
41 384
55 401
18 267
15 158
58 547
58 166
33 427
19 665
55 44
7 246
79 771
81 343
10 393
83 22
70 531
46 706
22 385
75 31
79 821
20 608
99 745
41 680
11 483
32 886
6 650
23 4
84 843
50 137
55 1000
10 424
30 831
86 395
7 188
89 841
4 612
24 327
37 172
86 479
75 301
16 156
58 446
16 321
92 505
89 475
49 614
74 986
4 1003
81 611
22 781
47 150
29 851
80 701
86 457
15 652
37 495
92 682
20 967
38 180
75 434
62 927
75 527
5 442
98 221
40 671
5 455
48 345
9 271
1 278
95 176
58 459
50 713
28 585
11 93
84 77
42 393
12 548
84 868
46 401
52 1017
51 40
23 867
41 727
77 405
81 840
60 910
6 225
90 390
30 228
50 549
36 1008
10 283
59 837
62 496
25 189
93 259
21 935
25 613
50 214
53 618
77 573
19 302
73 76
67 582
59 149
19 606
60 24
41 662
24 1014
78 48
67 622
26 407
36 407
99 145
56 1011
18 648
67 240
17 332
95 616
97 617
52 1019
99 895
94 63
84 877
44 665
16 230
82 206
100 794
44 630
6 207
53 676
82 151
11 778
14 206
33 371
62 108
25 1020
98 383
2 510
87 110
94 135
59 412
96 975
45 951
8 94
89 172
25 986
35 660
71 804
45 84
58 662
39 515
70 169
5 715
18 107
20 827
93 139
38 580
89 394
78 668
84 638
60 232
39 138
43 314
93 731
13 67
45 587
37 2
39 453
36 408
83 516
71 800
86 424
67 742
42 861
21 281
14 200
32 49
77 379
14 254
13 758
72 453
80 900
74 51
52 146
78 886
69 668
61 290
60 1016
79 885
76 391
77 301
35 652
93 927
86 710
80 91
83 475
11 763
62 997
33 677
46 246
47 778
62 175
71 981
90 49
25 1017
51 981
58 5
12 642
48 614
8 63
100 770
82 222
4 887
46 296
8 311
2 54
56 431
16 106
87 394
26 203
22 593
63 679
13 766
81 504
71 624
39 34
81 80
32 877
14 449
24 481
20 689
78 823
39 762
5 481
99 58
87 516
10 841
3 223
23 467
86 937
74 268
19 434
47 202
90 289
30 434
85 385
42 279
28 193
56 88
9 146
17 332
77 795
96 831
53 730
13 718
67 338
66 589
92 308
86 33
28 415
98 341
16 564
27 983
24 634
78 404
39 190
79 415
72 883
46 976
96 494
14 206
48 631
46 579
94 559
71 510
98 53
86 749
60 444
55 347
45 752
66 831
77 461
1 901
71 442
72 906
8 497
28 743
67 881
97 17
8 907
34 365
87 351
17 550
30 795
80 846
6 622
60 438
42 872
82 376
10 142
81 201
94 344
75 741
85 215
73 616
89 258
96 32
24 44
25 377
86 453
30 335
54 849
76 107
52 62
10 985
15 738
29 840
2 79
20 258
25 288
29 390
97 828
41 128
39 1001
28 684
21 701
66 478
49 765
20 197
50 41
61 4
23 318
24 836
92 375
61 689
87 941
82 183
64 474
7 590
86 814
77 879
43 242
32 1015
86 916
91 808
36 344
3 710
93 630
33 32
73 589
52 643
33 773
93 224
54 111
1 672
37 37
50 391
22 857
21 260
36 568
47 680
15 853
81 547
27 886
94 439
10 274
9 955
30 881
94 244
4 967
27 892
75 416
18 257
60 638
8 996
1 558
71 67
54 1015
77 844
68 167
30 302
16 314
76 461
43 385
32 138
15 594
85 306
89 262
90 233
43 53
48 56
2 854
14 995
72 735
87 696
61 48
73 316
58 204
76 532
16 456
45 915
69 673
24 10
86 757
10 808
61 445
75 394
78 985
20 93
31 154
44 571
26 760
22 563
15 637
82 527
56 738
65 93
10 612
86 295
4 343
74 128
3 941
29 36
41 884
32 571
6 916
17 215
95 1002
13 590
86 846
44 682
75 508
18 944
99 875
30 438
49 291
17 979
7 61
34 83
96 117
73 957
44 769
31 659
78 923
100 336
92 315
5 278
2 766
1 916
28 410
53 808
89 893
30 907
69 751
94 872
31 618
65 875
7 951
65 84
94 732
47 569
58 411
3 843
76 19
10 767
37 38
82 105
86 287
71 858
25 976
17 880
82 485
34 932
80 214
23 237
13 410
57 966
72 627
80 972
66 493
2 50
54 240
78 435
46 140
44 539
12 972
30 661
93 99
84 844
64 558
96 232
27 860
97 763
15 956
98 84
68 399
33 953
34 286
63 140
57 630
54 516
65 47
16 1009
49 719
84 456
57 883
39 195
35 859
81 157
66 642
32 189
29 372
5 654
25 479
93 57
24 446
53 660
80 724
49 636
67 448
91 671
63 753
57 1
67 798
1 352
67 396
16 431
47 656
61 399
90 853
3 193
3 3
53 766
23 473
14 121
84 444
15 202
37 631
98 759
60 358
39 819
81 626
77 495
78 285
49 367
46 324
80 388
6 388
33 28
84 506
72 755
6 938
69 98
9 134
48 948
16 942
50 220
92 967
75 801
15 583
87 340
74 702
59 208
97 856
63 924
93 383
99 262
72 587
91 840
84 191
52 187
28 481
47 651
79 97
91 650
43 570
57 561
43 692
100 312
11 1002
71 859
48 865
53 656
39 455
51 123
85 210
73 753
3 715
83 89
91 806
78 466
51 703
2 597
2 769
84 892
66 95
66 82
27 822
33 362
65 183
92 897
85 792
61 59
87 1004
71 269
69 885
62 111
83 735
63 932
67 591
47 201
5 500
46 619
34 1018
100 550
12 439
98 568
59 23
38 689
54 773
73 786
9 667
40 171
49 578
78 856
100 876
100 828
91 313
87 648
74 378
25 481
81 595
85 1023
81 650
87 618
34 619
7 6
97 250
36 638
51 253
65 971
40 500
6 455
8 172
58 93
34 251
69 342
57 597
8 437
27 2
74 620
56 408
54 881
29 801
2 459
6 962
81 133
81 155
79 224
34 665
20 875
23 888
32 735
93 531
67 683
84 176
82 128
71 903
96 215
76 477
29 709
66 54
29 850
100 404
85 533
48 364
100 958
95 575
48 687
74 814
9 613
57 623
100 547
77 723
77 156
47 409
36 588
18 681
9 669
76 461
2 103
100 561
92 27
35 703
85 192
56 34
69 456
88 520
90 132
19 738
72 393
26 127
81 584
75 369
60 866
86 405
24 629
13 1003
83 52
57 344
11 148
17 23
27 8
3 580
71 761
85 426
37 415
53 85
6 335
58 201
29 259
30 120
79 546
19 518
93 779
33 840
91 213
86 505
56 380
37 358
8 353
72 245
83 312
65 740
50 782
5 822
68 522
82 903
27 16
60 640
26 232
27 696
44 292
37 663
52 237
76 787
45 779
59 332
70 336
67 712
49 987
1 109
8 426
15 527
33 382
10 211
69 596
30 32
51 58
62 534
90 689
65 883
88 303
66 509
98 236
32 731
59 705
63 682
66 825
4 547
2 325
61 794
100 638
85 783
8 494
4 989
38 588
35 601
91 12
34 504
36 281
86 446
49 24
59 67
76 287
17 5
27 345
50 507
18 598
81 653
83 556
26 225
4 440
97 1010
64 910
85 699
47 699
44 127
22 222
61 546
16 805
78 95
57 324
73 83
65 865
3 988
88 328
20 515
92 1012
88 195
46 989
57 40
95 1012
90 360
53 359
65 717
31 431
15 264
22 387
14 650
91 56
85 622
48 800
21 127
20 612
97 661
32 189
60 214
52 865
94 384
3 454
24 338
52 886
73 613
76 946
11 474
5 851
96 360
51 184
42 390
75 806
38 347
94 725
84 145
49 109
1 764
87 604
89 422
66 677
63 713
50 249
11 574
19 234
58 701
73 395
90 187
93 91
5 146
27 69
83 356
17 819
79 739
62 171
93 863
83 147
72 420
31 714
37 469
39 902
22 339
97 211
9 449
90 34
26 92
6 884
43 278
94 541
77 52
43 129
34 533
27 441
56 669
86 921
57 52
42 258
86 46
41 915
78 770
60 64
49 25
15 284
90 601
16 294
64 511
38 541
83 696
2 971
72 87
87 453
63 640
58 528
18 154
94 155
31 341
2 760
21 141
23 667
77 842
28 368
48 358
88 347
81 865
73 369
80 135
33 66
86 506
93 435
92 1011
2 558
43 807
5 692
71 311
26 663
17 269
38 456
22 914
46 655
18 70
7 681
28 819
42 978
84 315
20 959
73 977
1 627
76 785
30 682
84 627
97 200
60 326
15 497
63 433
35 969
82 125
81 706
83 347
75 219
9 22
93 961
67 645
47 734
50 857
91 477
83 711
36 330
77 306
75 227
14 953
23 216
2 796
57 996
30 555
2 778
76 343
22 550
39 252
35 368
96 650
24 543
16 495
24 348
13 674
35 514
11 745
25 656
64 625
99 633
63 817
86 731
47 75
32 97
79 515
29 410
96 284
56 475
63 800
7 555
29 373
52 27
49 773
54 609
9 285
9 528
5 603
62 211
53 489
39 1003
11 771
61 118
71 316
69 809
99 391
11 540
15 382
70 855
42 224
79 503
28 656
26 584
34 239
34 910
31 76
21 706
43 253
99 877
100 391
49 659
45 999
30 519
24 739
26 486
74 788
68 445
43 993
84 652
31 797
14 933
93 402
6 695
18 413
51 197
75 183
19 560
61 4
82 512
51 403
49 680
63 960
29 585
60 104
81 110
81 750
3 749
31 632
11 780
64 965
20 823
63 807
62 279
90 411
58 528
2 763
68 980
26 284
68 602
7 752
27 263
45 729
11 603
89 405
78 356
33 310
94 467
88 511
21 901
2 511
21 711
37 588
18 946
35 181
99 233
37 210
32 385
6 482
60 250
67 321
98 207
34 759
98 721
2 394
2 143
96 1002
57 128
61 494
98 411
10 572
39 582
73 114
79 695
16 930
24 458
26 525
32 856
16 313
84 505
47 125
19 586
58 475
78 666
48 763
64 617
22 695
55 67
76 117
25 379
74 680
72 247
21 476
62 440
84 630
52 470
82 566
76 856
48 745
9 983
79 549
55 792
79 749
98 2
45 594
45 886
22 192
21 430
23 186
29 431
79 788
40 545
53 931
4 344
19 872
98 109
88 876
1 614
65 734
72 441
72 996
31 553
87 411
86 830
84 826
20 387
45 111
27 917
74 282
100 668
45 537
41 525
100 653
2 988
90 729
77 665
92 707
53 863
9 150
92 688
51 903
6 539
21 980
95 6
65 666
90 366
42 426
94 566
74 1003
9 415
72 933
24 383
43 248
45 707
18 888
95 348
98 420
67 755
84 293
16 612
59 409
9 112
86 842
45 887
1 182
74 504
42 333
86 705
28 83
87 977
70 757
65 712
33 163
90 528
95 177
67 389
14 68
5 395
81 153
62 705
54 535
4 424
35 46
32 422
76 490
59 73
51 675
16 375
9 201
2 267
14 1016
8 963
99 132
29 968
12 590
12 618
76 832
13 966
9 120
76 1004
13 738
80 831
60 836
49 200
4 58
22 389
74 97
47 108
92 660
3 512
17 699
25 325
34 121
6 358
84 629
77 848
66 388
63 729
55 835
92 211
17 370
31 942
94 926
13 694
57 76
45 785
82 285
17 255
57 351
8 644
55 948
87 297
43 97
45 510
64 929
12 800
2 294
73 739
23 741
84 755
52 588
56 565
48 600
99 252
46 406
95 905
93 338
73 640
34 177
89 341
5 844
80 354
93 832
5 308
41 476
98 340
72 553
77 911
77 699
75 54
85 9
26 409
2 110
68 780
67 148
36 367
7 212
81 80
71 789
19 567
28 424
3 279
73 787
18 81
9 304
74 541
64 68
74 658
1 973
53 463
49 508
42 63
7 526
58 738
10 528
88 529
96 162
88 904
72 973
68 385
100 93
77 563
44 850
80 337
43 608
15 895
72 604
49 810
29 75
7 394
34 803
27 529
88 706
96 888
22 367
44 905
56 148
83 619
22 639
47 772
46 730
58 313
21 574
99 414
64 621
39 226
51 705
78 339
82 138
50 15
88 449
75 963
64 338
46 569
72 488
52 173
9 957
86 502
19 584
31 130
40 697
83 579
38 85
81 763
86 94
26 725
26 672
20 113
9 197
26 960
12 997
49 877
90 594
50 412
21 244
93 332
100 896
54 293
88 802
12 177
67 809
97 412
88 540
33 441
32 182
76 396
38 484
64 59
61 601
38 205
96 1011
93 759
58 422
88 837
84 59
69 70
87 889
94 298
33 1006
22 116
35 90
59 316
25 758
51 626
90 844
18 153
70 342
84 687
60 939
23 963
21 487
44 839
60 489
84 756
14 850
7 632
55 358
24 487
43 298
64 425
13 918
69 947
95 464
13 998
26 84
48 350
30 944
56 921
80 276
32 878
45 499
45 15
8 408
29 946
45 589
34 822
78 923
44 716
58 328
26 740
43 601
81 981
16 229
13 928
80 505
93 604
35 241
26 834
61 94
43 329
50 77
66 139
31 869
51 336
17 520
23 583
52 116
35 616
44 392
67 847
92 275
98 874
51 19
19 139
28 413
68 794
89 593
8 463
94 762
7 610
85 849
20 353
84 707
8 283
54 462
1 969
36 530
74 226
72 476
49 660
4 832
29 353
100 336
63 837
46 589
2 330
2 590
70 353
80 625
16 345
54 740
81 797
66 82
27 793
97 363
88 420
94 856
96 569
56 563
86 241
31 803
34 540
64 228
21 639
84 504
79 914
3 247
78 464
16 684
57 884
82 660
16 191
12 27
20 659
73 117
19 716
47 444
87 263
59 99
57 499
94 860
32 821
98 49
64 410
17 492
77 754
16 548
25 619
55 680
45 139
52 127
82 690
66 61
60 217
27 829
19 761
4 78
17 745
10 816
14 858
4 399
76 411
86 508
97 496
47 257
71 958
7 464
99 952
72 551
48 683
79 858
19 1018
67 975
34 37
70 868
54 25
42 457
43 163
80 439
19 102
83 269
27 53
92 658
13 232
36 124
14 538
30 308
47 892
70 244
76 1023
31 798
64 328
58 458
51 170
1 125
15 567
9 306
24 100
19 600
15 122
99 220
71 680
11 165
28 784
100 451
23 495
32 806
54 454
95 288
31 111
24 893
30 804
90 273
36 112
44 210
65 570
30 891
74 956
3 773
24 439
7 474
85 423
35 730
32 493
94 474
28 405
62 257
53 516
13 64
11 376
89 860
1 702
14 146
62 757
30 325
71 93
34 79
27 28
44 366
48 801
23 99
58 156
83 366
87 883
1 274
6 701
77 155
63 834
84 1012
58 194
12 736
50 85
86 800
64 598
37 631
70 979
90 555
94 60
92 781
71 324
30 152
85 138
34 379
99 606
22 513
83 677
88 60
29 14
63 872
59 999
6 984
9 183
59 38
19 410
34 161
94 847
68 734
24 618
76 931
23 453
31 997
81 642
40 865
47 890
52 241
52 165
33 792
52 715
65 590
92 623
10 833
65 37
14 405
30 629
63 852
37 729
8 161
66 855
25 1001
52 712
17 559
33 417
66 200
43 131
5 207
81 514
71 173
94 557
85 180
25 887
27 218
95 831
30 937
85 379
73 357
34 105
43 942
90 217
53 628
91 905
18 75
74 849
67 944
77 824
95 541
2 105
66 253
7 112
57 572
54 53
32 555
69 818
57 678
34 589
42 356
70 91
46 863
51 677
14 295
16 880
80 137
81 569
65 895
92 553
30 145
53 345
36 762
39 148
79 148
52 696
48 181
83 933
20 701
5 801
12 36
45 807
89 617
39 561
63 7
78 929
31 694
57 850
3 387
9 846
67 709
5 14
85 279
58 908
72 507
89 951
86 317
29 714
