50 200
100 33
72 43
87 17
92 6
29 10
64 35
23 20
59 37
75 9
3 40
42 39
8 47
69 10
19 15
42 28
87 42
61 8
36 49
26 27
4 4
86 18
89 11
39 49
99 14
9 1
5 2
41 14
48 10
23 16
26 17
94 12
10 6
21 45
4 48
24 10
52 9
79 42
21 17
42 22
82 50
72 38
4 13
1 1
74 26
69 1
44 12
63 3
19 35
97 24
33 20
33 36
81 11
79 3
28 20
24 9
21 48
99 24
12 49
75 35
26 45
35 19
56 49
21 26
84 20
99 16
89 32
3 21
42 31
74 19
100 47
30 22
44 28
96 5
78 22
91 6
16 26
24 23
26 47
48 9
66 46
76 6
77 28
27 21
58 50
91 9
48 22
81 44
51 28
98 29
49 39
84 16
66 9
38 41
7 35
52 22
82 27
78 11
5 6
81 14
7 23
75 4
95 7
97 45
86 47
73 34
87 8
1 2
19 38
94 25
74 45
49 5
72 28
17 28
33 47
93 39
20 19
44 16
77 43
10 12
39 35
95 25
94 45
28 12
84 21
89 7
18 37
64 39
66 30
68 48
29 12
88 50
83 33
65 9
75 24
21 13
60 17
89 4
62 16
17 47
89 5
54 6
93 19
46 8
48 15
7 26
76 46
75 8
29 41
17 5
65 39
20 24
55 8
29 18
76 46
65 16
2 20
21 45
38 16
4 37
30 11
65 7
8 41
67 38
82 35
43 48
23 12
73 27
21 2
97 48
47 11
63 48
30 33
94 19
100 48
55 31
60 19
90 19
10 6
7 41
42 49
40 14
62 12
92 34
13 38
82 11
100 46
59 31
31 4
99 30
53 6
63 12
24 2
31 35
59 39
27 50
89 16
15 50
78 8
35 40
98 18
