1024 3000
18 266
35 216
26 656
28 228
20 304
43 817
42 79
51 980
15 48
64 843
20 356
56 950
99 279
87 979
4 748
30 25
13 408
25 843
80 388
70 943
16 61
80 697
15 770
13 993
66 712
44 125
39 467
54 717
25 261
27 688
72 936
49 997
72 953
79 359
80 860
53 1007
64 1012
56 35
14 308
59 551
95 814
15 37
5 724
21 1001
60 400
9 968
3 353
20 630
85 730
76 596
49 241
11 461
12 234
43 985
85 497
59 535
7 161
15 543
93 299
43 844
82 159
35 1009
11 702
10 791
3 578
63 972
18 941
16 21
90 902
10 690
62 492
56 660
41 770
82 513
56 697
36 742
27 95
74 342
76 315
88 179
24 470
34 685
74 533
22 535
10 687
40 783
50 399
43 806
16 596
74 188
52 626
61 99
32 630
72 491
72 547
89 812
61 794
36 378
22 153
1 711
91 88
54 993
87 888
82 630
75 44
25 727
21 721
61 364
22 240
62 246
42 499
89 778
24 504
40 570
37 20
80 471
31 725
71 593
32 189
23 23
12 1015
89 900
36 549
35 13
32 68
2 549
50 290
79 834
18 434
75 426
9 634
84 559
39 311
8 922
59 326
32 730
28 668
5 3
68 843
72 979
38 273
76 452
15 806
65 332
23 639
41 667
44 628
73 582
78 328
56 412
13 399
9 969
7 721
7 234
55 986
77 425
3 692
84 797
57 112
4 687
90 860
13 997
19 529
67 377
69 10
36 485
60 905
25 450
61 376
44 116
13 872
60 571
23 391
87 1011
42 446
57 227
85 1001
15 744
57 753
52 337
54 883
58 146
35 226
83 340
69 254
63 938
97 994
100 639
16 827
97 861
80 273
91 529
25 261
20 754
90 343
58 751
13 887
60 964
53 467
95 689
20 733
54 821
30 62
87 37
44 36
57 111
92 959
39 557
55 886
50 184
84 351
39 405
78 806
44 302
92 622
2 968
98 568
80 7
61 174
27 492
53 939
26 517
33 217
13 43
26 334
83 282
72 137
6 897
22 5
30 166
90 140
25 955
39 872
17 311
21 1003
54 230
77 379
70 765
47 794
47 673
47 9
34 786
53 615
19 63
91 832
88 220
83 336
18 653
67 86
19 203
28 740
64 980
55 153
64 689
66 502
25 24
43 266
82 655
96 444
21 474
51 944
17 198
23 842
54 437
71 789
80 990
48 47
5 598
28 640
55 121
30 599
5 628
37 954
18 720
37 975
22 623
2 862
72 125
76 646
17 582
2 176
48 913
43 468
55 422
20 749
62 201
39 686
24 163
55 61
11 987
83 28
30 905
21 381
13 544
30 565
46 411
29 649
36 963
44 786
92 175
50 901
67 832
75 178
15 153
83 853
20 249
60 701
53 744
53 133
80 59
98 365
69 414
69 768
100 80
93 711
31 14
47 629
34 125
39 816
50 21
76 393
89 499
73 398
66 125
10 481
11 203
73 652
36 833
83 967
57 924
77 143
73 216
35 758
44 553
57 617
45 168
65 842
18 53
27 884
14 744
84 360
47 161
55 538
49 382
17 881
69 109
43 193
68 770
99 664
2 475
8 871
39 241
32 284
61 902
43 470
49 483
54 543
83 816
29 611
49 537
88 453
41 466
10 969
11 572
72 509
14 863
63 664
3 18
60 372
7 66
41 515
80 646
2 166
54 90
97 610
26 220
23 246
17 684
74 896
91 797
92 252
76 734
8 714
51 839
93 645
72 902
63 428
79 168
65 960
45 345
38 882
96 584
88 225
43 293
40 473
58 475
40 701
40 615
62 934
17 451
50 309
88 688
92 850
80 304
2 88
69 307
94 188
50 49
28 108
93 507
28 406
1 279
86 140
18 472
33 298
2 602
26 225
98 317
58 97
77 835
100 245
49 129
60 1006
77 844
93 518
6 668
75 283
39 1005
50 816
8 471
45 349
16 695
1 313
39 622
89 607
21 593
11 549
85 259
19 898
58 619
35 403
83 289
21 185
21 83
32 720
5 64
40 600
98 616
85 745
2 297
3 646
17 154
42 586
36 700
67 489
75 849
7 557
13 552
33 382
2 716
13 162
91 121
81 513
96 649
77 949
42 559
22 810
96 740
63 99
27 829
75 709
81 454
61 766
65 981
27 614
8 199
27 427
47 511
39 31
24 147
43 57
45 525
26 393
32 213
23 654
17 54
11 670
83 579
43 487
68 533
16 183
63 850
77 26
48 523
4 471
81 10
39 350
62 369
70 773
5 208
3 597
93 741
22 767
87 652
73 830
88 304
85 891
81 597
60 465
28 971
3 764
60 438
89 490
10 830
66 362
2 640
86 274
32 176
21 651
75 245
28 987
85 444
13 677
25 744
97 112
38 28
15 645
93 964
70 246
61 348
67 782
7 540
60 319
63 48
61 518
24 400
52 840
52 308
25 860
91 609
31 716
20 821
76 76
100 446
17 505
85 927
26 755
87 293
81 133
16 1017
90 632
33 105
99 212
8 939
63 438
96 1017
77 135
89 465
83 549
2 531
1 678
34 290
80 876
15 457
72 922
5 634
21 841
2 976
72 126
98 74
59 389
78 692
12 879
40 734
7 17
44 431
30 673
36 77
100 278
21 508
32 982
33 704
14 854
27 826
99 521
23 518
69 965
97 408
71 316
77 197
80 357
39 1
1 322
17 529
28 610
76 775
15 128
14 340
45 85
17 936
69 16
5 489
44 613
21 774
88 1013
46 235
21 572
75 350
9 311
78 468
80 889
46 462
12 672
74 972
4 942
3 336
33 287
60 912
7 696
93 802
29 606
12 5
21 246
26 22
81 207
69 452
7 707
58 62
26 691
78 85
24 892
100 541
39 219
84 29
91 65
43 575
66 842
71 823
92 933
20 620
3 308
35 186
54 960
31 343
74 256
59 210
40 846
6 278
69 153
78 955
17 112
29 887
26 59
21 1017
51 504
92 82
79 658
67 801
70 513
63 195
57 546
92 892
31 129
77 407
38 450
9 498
26 841
88 491
92 20
23 866
3 70
47 310
43 189
18 296
62 204
7 446
53 894
17 92
47 457
34 280
50 835
89 443
35 113
29 526
40 391
20 655
68 290
76 163
83 25
74 156
24 948
65 977
78 913
12 816
25 541
59 226
43 847
1 1002
79 577
3 67
32 870
13 403
92 660
61 614
32 1023
21 911
14 345
83 739
17 906
18 577
95 600
66 773
79 446
14 357
99 229
27 966
90 119
32 209
78 909
58 437
79 566
68 828
14 162
39 118
48 48
22 466
36 472
78 46
57 964
74 915
60 825
88 241
43 176
34 697
64 247
33 966
69 432
37 698
2 287
64 637
83 485
42 982
76 291
35 849
62 404
91 397
12 571
22 123
50 63
27 805
97 927
10 97
11 490
99 928
73 586
12 87
50 617
28 1002
23 46
10 113
73 540
57 653
78 122
43 831
84 569
43 493
31 332
97 805
50 359
56 574
60 223
32 990
23 703
35 722
24 768
82 172
95 318
84 369
16 574
3 623
46 786
83 589
1 680
21 914
26 53
27 958
95 98
47 90
20 865
15 523
76 620
43 890
33 494
46 352
56 409
51 161
98 41
81 262
64 94
52 734
30 614
79 420
88 565
93 487
57 295
54 1012
2 680
5 827
25 87
86 192
51 104
85 664
73 77
49 864
18 52
77 315
82 215
23 353
31 219
79 159
22 824
22 403
79 1023
61 628
29 359
35 579
86 147
30 606
88 118
94 393
30 1018
56 835
29 418
31 987
44 1001
98 125
93 267
44 255
97 732
26 349
2 677
55 528
83 120
97 22
14 554
31 407
64 98
5 756
67 379
2 126
47 839
79 131
22 778
62 346
77 243
95 551
51 597
70 718
85 162
59 954
60 129
92 239
26 552
66 740
34 687
6 260
22 92
23 583
9 776
64 329
74 598
67 913
11 932
62 887
6 320
96 785
9 127
39 674
38 992
30 583
74 231
54 131
22 208
41 166
11 617
18 977
66 349
61 360
24 446
74 325
41 13
45 189
11 83
39 816
38 228
70 704
6 192
58 779
99 523
60 358
55 413
46 304
13 150
48 1017
27 885
69 335
94 402
72 12
100 362
4 534
77 177
53 22
48 22
60 767
12 719
8 658
47 409
38 868
58 601
52 128
9 152
6 334
37 985
10 13
86 149
78 910
37 758
95 693
43 706
83 299
76 534
72 507
94 893
86 475
45 185
38 930
8 39
59 889
20 584
85 321
32 422
19 33
95 113
57 933
23 135
95 194
80 139
24 585
79 25
27 476
97 636
81 545
10 619
53 673
7 285
86 910
54 176
10 860
72 642
88 82
4 975
48 419
53 975
11 95
32 13
6 184
52 950
36 298
77 112
94 723
28 939
72 77
38 526
32 378
99 680
7 919
6 734
89 718
77 292
40 660
88 358
87 952
35 547
5 827
62 170
45 30
29 109
22 174
2 18
79 776
77 1010
54 302
43 983
39 379
46 806
78 553
27 857
76 422
39 704
24 12
82 749
41 958
41 147
79 466
20 658
93 860
95 887
77 337
45 131
56 70
96 729
26 51
1 78
88 939
33 695
91 630
83 991
75 251
97 670
16 276
63 933
63 945
11 247
45 615
9 972
96 289
37 281
31 213
74 810
28 115
80 54
24 899
100 283
85 133
56 841
16 230
13 519
78 519
21 406
29 118
74 792
86 6
48 744
98 406
85 345
32 1008
94 239
26 418
9 1007
42 448
15 957
33 547
87 826
1 192
84 149
89 561
56 714
70 987
41 783
28 961
96 887
40 501
18 802
82 622
32 443
42 582
84 722
24 826
88 144
81 731
56 301
31 207
94 832
17 422
18 537
14 693
55 278
54 500
23 63
50 838
62 143
99 881
68 498
18 363
1 675
29 932
19 335
70 965
10 282
2 732
82 720
92 193
69 569
12 27
32 789
96 113
55 234
41 771
71 650
81 347
8 178
78 251
20 367
91 654
84 552
9 442
59 760
54 219
49 301
21 936
30 84
24 996
65 1016
62 23
73 851
57 941
56 622
59 515
80 357
56 612
44 504
81 131
68 662
81 544
2 594
47 3
21 478
19 994
37 716
72 85
74 361
41 545
62 167
8 946
51 179
9 407
31 561
97 922
26 885
65 135
30 895
62 107
84 112
88 816
11 67
32 345
39 901
17 385
23 924
46 566
39 838
68 761
46 484
18 571
92 74
1 798
96 842
76 291
93 979
50 756
25 981
92 448
5 964
16 900
84 113
53 942
18 388
94 299
87 311
37 190
48 549
55 327
51 866
73 295
96 698
50 841
6 101
84 487
1 71
42 904
63 802
61 108
17 474
46 11
20 250
36 143
22 163
61 140
24 61
71 824
58 460
40 387
13 903
25 601
25 210
52 131
11 276
18 151
69 643
85 508
48 361
54 665
63 94
97 526
98 215
57 911
86 964
69 210
22 122
14 790
11 265
84 318
28 133
100 264
67 629
35 642
57 396
87 487
53 63
60 642
1 313
60 950
64 801
88 70
74 945
35 228
18 755
57 725
23 1013
93 638
93 735
7 581
67 537
23 595
79 30
25 875
50 740
17 594
64 936
3 413
56 497
73 17
59 161
70 90
37 706
75 765
92 981
33 522
78 363
33 68
89 305
35 734
92 719
55 536
6 965
44 461
98 564
34 664
97 195
93 873
68 455
14 291
100 934
21 905
53 905
84 665
61 890
30 204
20 677
11 189
93 663
86 30
22 103
2 926
25 422
3 172
61 364
6 264
65 250
40 545
30 91
9 314
93 559
98 540
27 232
37 827
14 354
13 72
44 526
57 752
59 747
15 799
78 360
82 359
98 181
59 739
96 64
73 228
10 546
99 832
77 471
6 647
60 466
30 255
35 690
26 914
49 904
64 498
60 726
20 849
18 735
87 153
50 591
100 395
80 123
98 889
37 835
51 393
25 204
55 243
69 629
4 281
20 820
47 747
17 610
39 402
96 110
99 93
88 934
59 812
100 688
24 625
11 162
37 775
57 639
97 233
23 125
94 751
72 268
77 440
57 20
21 173
45 371
53 828
69 752
99 312
67 266
8 913
99 928
15 791
39 656
32 785
64 513
59 699
68 984
74 632
3 954
28 107
17 45
30 581
44 525
4 186
54 804
39 193
7 737
59 225
16 982
10 123
18 496
65 225
55 934
61 433
36 636
7 140
72 449
88 451
17 587
77 738
54 711
26 49
71 889
61 791
78 258
17 292
42 710
32 184
23 348
57 458
32 131
61 639
51 292
18 527
39 702
41 220
12 146
56 810
2 541
20 856
90 465
27 527
22 638
79 768
50 303
54 945
49 798
83 1012
62 624
70 944
97 754
95 688
28 407
42 909
71 25
12 720
49 862
43 638
48 933
14 437
7 583
29 643
32 915
58 421
15 120
96 815
89 479
71 748
97 952
49 807
24 348
30 441
50 724
94 661
96 435
45 842
77 429
61 349
35 66
5 833
97 85
64 34
47 78
57 423
49 389
13 980
69 706
48 922
18 450
66 13
100 630
67 877
34 291
89 352
48 969
21 541
97 784
34 591
21 330
37 865
47 193
44 431
43 192
84 280
85 885
72 500
14 122
12 523
68 552
18 768
45 10
60 525
25 857
84 629
86 80
17 880
69 265
98 147
4 613
22 72
85 717
23 962
35 923
96 226
86 310
17 946
7 252
71 88
72 538
80 246
77 161
41 889
9 387
7 880
23 436
99 448
25 497
57 967
7 845
60 845
22 137
74 448
56 188
63 472
53 227
37 318
91 817
26 811
19 193
10 154
64 592
1 756
80 985
46 459
13 866
83 934
86 20
14 365
4 892
68 932
70 528
85 480
85 407
58 499
95 931
96 202
26 228
98 562
5 631
96 993
52 274
3 449
85 236
78 500
43 625
96 197
5 632
72 449
94 942
43 612
100 575
98 322
86 747
35 990
41 878
11 825
11 837
81 419
80 38
87 150
59 302
34 791
17 1022
3 947
39 137
50 762
35 323
15 489
97 941
14 398
82 388
82 920
88 446
91 247
76 209
89 122
14 742
48 418
83 102
92 653
94 874
63 949
44 449
5 217
30 866
78 135
94 811
7 429
76 345
100 715
29 48
36 38
13 723
75 504
32 795
20 38
12 522
10 815
11 374
95 312
83 620
54 444
86 476
61 638
12 524
64 348
99 140
85 335
86 840
10 662
30 970
47 229
63 660
47 413
21 26
16 223
17 146
83 27
85 515
16 417
54 991
40 584
34 125
14 968
88 732
89 549
5 279
57 119
42 795
44 946
48 231
68 441
32 810
19 997
96 106
65 313
68 128
100 178
80 790
21 191
41 725
83 149
95 491
15 916
46 798
1 57
21 980
9 380
22 963
68 41
64 740
66 116
40 225
33 95
34 413
38 486
13 1024
74 91
15 901
94 752
50 818
56 678
13 281
22 514
95 385
3 263
25 908
42 968
36 670
86 98
30 323
47 170
47 193
52 813
61 241
24 742
42 323
80 806
95 429
40 822
93 850
48 913
61 437
84 840
66 894
17 139
44 496
40 514
36 567
2 756
39 841
57 840
56 868
85 742
40 916
39 61
69 598
5 449
78 805
77 91
62 177
89 865
60 536
47 335
22 656
94 884
77 539
91 612
90 296
33 654
3 868
14 928
61 662
52 451
58 616
33 91
25 770
76 440
53 286
83 359
25 840
86 389
30 917
84 736
56 305
1 374
40 54
81 588
83 629
38 133
12 555
63 1012
96 154
72 580
63 178
74 356
33 132
40 347
40 720
34 211
40 422
56 147
51 861
30 165
21 748
77 684
90 520
20 577
81 75
84 88
48 46
35 244
69 162
46 200
49 647
6 880
16 993
70 518
1 736
3 269
67 979
5 736
22 600
44 123
18 419
2 925
88 652
48 640
61 734
67 670
76 224
1 400
37 527
61 1021
70 575
10 696
46 194
47 1003
41 694
73 442
20 310
22 552
13 485
15 750
66 1006
87 550
5 919
89 397
57 841
30 658
16 659
17 921
4 735
79 620
4 1000
1 492
29 378
83 222
46 185
67 32
30 341
57 371
39 505
27 656
45 136
77 712
46 618
72 621
56 483
44 732
54 252
87 742
21 217
23 467
17 909
30 567
41 54
33 460
30 679
31 878
67 379
38 584
52 149
65 300
59 396
71 64
56 205
46 252
77 744
94 821
9 191
91 853
60 275
84 801
86 378
67 744
73 196
15 728
12 483
83 975
39 9
86 502
61 819
73 633
3 447
34 143
93 792
15 881
51 259
93 996
64 287
39 368
14 1017
12 826
36 74
52 330
51 789
71 295
72 559
100 98
13 333
88 618
60 210
10 142
52 106
49 80
65 827
55 874
44 518
7 271
64 426
4 674
99 406
76 774
20 871
47 945
11 86
38 279
39 1011
36 763
52 533
62 484
23 264
94 130
34 1008
48 349
62 999
62 600
28 965
81 320
16 195
32 990
64 777
100 574
19 664
96 854
72 129
86 506
25 647
16 150
34 11
58 15
18 495
54 365
59 962
96 222
64 923
4 411
47 431
33 413
42 272
87 241
89 556
11 793
54 358
74 807
40 415
82 353
53 411
6 319
73 377
89 480
28 728
67 950
50 851
91 204
30 581
56 498
100 166
82 289
91 183
39 891
89 892
39 481
59 936
8 627
45 316
22 564
91 972
49 152
90 827
83 896
67 799
89 494
4 635
70 463
29 853
29 390
32 547
62 998
11 645
76 747
68 682
30 978
89 774
2 403
17 460
98 959
74 642
1 174
60 186
76 45
30 964
10 734
22 279
55 944
44 283
38 859
32 951
73 568
97 918
98 253
9 219
99 587
85 615
64 88
21 371
36 814
94 565
67 795
68 206
51 743
56 356
25 427
59 365
6 983
22 940
19 611
50 397
13 994
68 932
30 788
66 189
93 587
62 76
29 573
33 47
95 768
19 867
74 685
68 139
83 465
34 853
19 188
69 223
21 212
10 214
27 407
19 552
89 132
79 326
12 907
96 994
50 774
76 819
42 19
5 52
32 1011
76 534
26 105
37 330
80 886
48 291
73 946
78 237
49 444
30 756
70 934
65 975
91 536
45 93
35 701
8 14
39 24
19 860
28 279
62 443
53 709
17 409
78 550
89 682
53 183
37 294
96 113
92 774
92 1012
70 178
37 1010
95 351
13 738
43 136
72 352
2 132
16 287
52 665
16 161
22 805
11 734
90 434
10 318
43 469
69 25
31 993
94 837
84 18
90 506
49 542
33 730
85 892
20 189
44 828
81 853
4 691
74 681
48 383
78 282
35 279
6 473
55 315
90 566
56 835
67 484
92 903
54 1
98 181
17 277
8 537
57 591
39 666
8 302
64 221
79 875
35 889
15 746
35 608
83 511
87 334
94 770
100 159
6 982
72 958
42 323
70 339
94 672
80 137
45 4
89 532
42 856
12 176
17 574
16 863
36 178
52 30
31 384
80 693
5 527
62 574
82 72
44 739
91 892
27 692
67 207
15 748
90 594
19 614
71 682
61 203
35 624
40 782
67 419
6 323
22 51
17 771
50 784
29 865
35 335
80 521
69 730
64 579
71 143
68 441
16 620
99 659
92 874
20 202
9 865
81 190
43 397
32 13
60 420
37 807
66 384
99 270
13 547
96 387
97 1016
23 488
95 446
66 830
11 537
96 563
13 532
48 268
76 687
100 59
42 132
81 835
55 144
93 603
94 928
1 354
55 791
5 506
96 963
35 507
59 318
77 852
9 797
79 752
59 374
19 541
17 651
7 1019
82 431
89 459
91 561
68 229
63 629
46 539
95 21
69 17
14 65
76 163
25 962
58 296
35 700
84 815
79 162
25 96
45 381
87 927
5 342
31 244
78 865
30 512
61 802
29 198
46 372
48 703
62 250
6 620
37 809
51 251
34 195
27 538
44 901
64 492
70 571
19 164
75 492
23 271
1 179
60 111
7 828
21 860
17 786
15 1001
18 865
20 515
44 574
33 611
14 468
38 667
94 813
34 424
60 481
6 549
59 138
59 185
25 447
84 1017
56 475
97 777
15 196
27 350
65 295
48 194
59 14
13 776
98 666
24 81
6 869
69 781
46 263
33 946
57 985
14 916
67 907
88 749
78 935
95 847
77 10
72 967
31 876
39 848
86 894
89 639
94 533
59 720
84 336
13 480
60 555
56 730
41 15
10 514
61 528
64 130
50 352
24 560
75 790
12 720
79 288
3 373
8 729
64 591
4 708
35 335
6 418
92 674
36 494
68 357
9 499
38 534
70 557
42 29
79 453
8 981
4 58
29 535
75 396
6 826
72 148
45 317
81 176
27 996
41 130
16 666
76 813
59 454
70 244
94 668
4 205
4 411
63 953
22 25
80 23
66 403
18 986
80 734
98 686
17 806
51 9
87 418
89 622
23 142
97 328
5 537
17 409
63 795
97 868
67 660
62 644
79 35
42 758
80 743
67 449
76 209
81 971
94 253
12 473
79 408
84 179
12 308
47 867
82 923
10 896
23 576
80 597
54 97
62 354
63 748
34 338
96 234
4 557
86 851
57 880
27 805
51 154
44 621
64 166
92 706
77 54
49 552
66 866
80 979
39 462
58 996
84 633
37 59
93 691
54 170
38 120
94 580
69 37
89 269
18 696
58 239
45 206
2 374
11 414
40 242
27 5
73 650
1 418
97 801
36 594
46 629
81 919
17 985
32 361
85 133
36 178
95 780
51 137
93 430
82 456
15 400
80 883
70 72
52 734
76 359
19 818
64 1015
16 148
3 643
84 180
100 539
81 122
2 740
94 422
97 807
77 815
39 312
1 208
91 949
77 230
43 219
91 246
97 735
37 159
9 900
38 104
42 695
6 707
2 483
88 554
30 980
60 448
75 1016
75 649
16 571
83 199
97 901
16 997
35 837
95 964
28 469
3 102
51 268
16 548
59 912
1 1016
71 420
7 110
71 69
10 327
83 612
97 403
69 968
27 75
20 505
46 468
5 57
21 87
8 352
10 50
91 710
57 82
21 479
59 516
95 948
30 161
64 342
59 1024
93 937
86 41
10 88
12 366
84 52
25 467
19 62
61 642
48 557
23 876
80 913
11 558
4 184
55 347
69 257
50 810
54 420
26 587
71 333
80 650
20 380
96 786
94 608
99 189
25 101
60 152
57 407
81 825
62 403
27 91
52 493
48 829
16 725
19 394
13 318
91 416
58 110
73 115
94 580
91 858
96 342
25 669
72 693
65 314
44 615
68 731
71 279
99 994
91 925
23 11
18 381
86 915
51 602
77 184
81 307
65 837
69 1
33 372
45 949
77 764
91 64
34 622
62 1004
99 320
52 954
6 98
38 755
48 800
1 1017
87 489
43 999
13 947
91 781
3 668
93 979
27 220
27 877
97 360
44 407
92 736
72 1009
69 646
40 820
1 48
92 380
24 87
90 837
97 329
85 303
20 274
82 378
65 276
58 309
99 62
59 290
1 27
87 605
44 1014
88 68
69 188
83 572
66 801
32 282
57 977
65 76
46 842
73 718
5 683
22 727
84 716
45 516
14 267
56 389
60 495
53 292
26 903
71 955
11 223
5 783
71 797
46 400
14 287
29 706
1 94
24 688
33 400
23 527
50 274
55 921
72 347
88 426
94 27
40 904
13 568
75 423
64 496
2 953
42 914
98 726
83 18
29 791
41 567
65 59
80 184
3 584
78 143
53 755
1 340
79 417
40 273
99 223
24 636
32 526
33 785
59 507
2 616
85 195
42 566
37 998
73 207
77 254
81 541
25 517
24 619
45 763
7 747
66 634
94 113
99 882
29 362
44 675
1 637
77 110
82 97
67 926
55 639
7 652
75 139
68 11
85 53
65 623
7 734
77 133
30 367
30 719
36 354
41 680
58 213
30 143
33 872
96 611
91 198
26 641
85 382
67 69
10 400
64 208
13 924
72 955
66 330
1 994
79 1017
89 648
61 414
26 513
66 833
31 748
74 337
72 342
6 1015
31 127
70 78
34 498
85 674
76 242
59 52
55 661
20 860
76 248
65 49
72 510
25 859
37 886
15 597
8 888
99 614
86 976
83 323
53 667
76 877
72 974
8 95
74 972
22 893
59 178
53 955
68 797
89 920
27 959
64 862
74 54
23 811
85 117
29 454
27 81
22 666
42 209
76 640
60 689
68 351
87 425
53 530
49 45
9 855
95 917
60 800
90 118
30 975
42 694
16 1016
66 709
66 804
17 393
27 49
42 926
47 924
66 679
33 523
43 853
93 701
17 21
8 691
38 37
33 372
98 20
99 480
36 1020
75 620
9 677
80 446
46 42
29 904
28 773
30 418
53 754
58 322
78 569
76 912
53 628
99 311
7 621
18 350
65 24
45 1005
44 613
26 253
2 770
56 350
66 533
99 94
59 861
39 12
25 402
3 1010
25 157
32 651
50 61
24 370
92 945
90 783
45 775
27 162
20 143
27 13
19 254
6 937
86 521
17 494
14 847
39 927
24 774
21 757
70 529
90 917
17 451
47 981
97 686
58 720
60 629
4 478
62 837
59 971
57 315
8 231
97 919
61 116
68 685
48 478
81 973
50 637
19 21
57 599
74 711
82 509
51 1
62 172
46 352
10 146
46 557
76 803
15 508
18 95
69 766
24 357
54 941
98 89
73 562
91 642
20 981
82 562
9 88
33 794
15 850
12 81
63 291
59 833
23 776
63 967
93 474
43 207
63 268
23 327
98 981
85 53
37 70
91 894
9 323
55 596
69 578
88 531
5 534
11 643
21 242
21 802
63 883
64 81
59 278
12 956
50 352
76 147
13 598
36 578
41 678
49 45
60 824
43 76
33 913
42 617
78 278
70 845
80 377
17 262
70 308
45 888
75 177
10 56
86 25
13 670
38 781
38 933
48 264
12 912
33 701
36 282
18 898
2 90
38 3
87 904
46 544
79 969
52 776
64 469
36 632
67 477
88 828
22 967
36 369
66 220
38 333
81 1023
58 603
4 456
1 439
7 914
74 77
22 677
76 857
13 627
60 235
35 851
87 464
85 106
93 622
93 878
55 825
88 136
55 964
11 1007
86 925
53 335
53 730
35 828
59 107
90 2
30 509
21 380
32 621
89 780
59 809
57 149
53 485
76 1012
88 875
14 801
55 866
83 752
44 97
87 110
67 985
23 544
53 963
63 416
100 383
12 778
83 804
22 776
64 185
47 687
35 732
27 810
30 573
49 121
77 67
26 872
15 340
91 495
95 290
7 838
56 58
3 839
37 492
30 101
72 328
55 711
39 226
48 608
42 8
44 443
34 957
14 101
21 680
19 551
61 481
60 617
94 954
59 375
37 1020
87 72
67 237
66 357
74 253
77 236
12 668
38 334
93 967
98 873
58 4
79 567
93 762
87 1022
51 589
72 87
36 846
46 906
51 940
10 520
28 178
43 428
10 408
89 422
34 170
66 972
53 668
62 657
85 672
35 71
96 2
25 819
16 314
84 906
33 937
93 397
31 132
4 936
19 560
45 889
29 602
48 901
