4096 3000
46 2806
47 2048
30 1186
16 1986
87 1428
87 2507
54 1679
12 803
30 354
31 1127
77 3765
86 2236
84 1967
18 321
17 885
19 3623
18 3857
30 4052
67 533
77 1445
60 2439
71 3529
62 999
40 2423
80 2986
21 2520
50 2263
8 2414
49 1805
90 3390
41 3172
80 2282
76 393
9 3878
57 82
94 2884
52 1081
28 2541
99 2551
8 3430
41 320
38 4094
34 2513
23 2715
73 1048
100 2909
71 827
74 3055
39 3331
88 2143
20 4062
10 1835
50 3245
36 3124
8 1147
29 3140
70 214
89 4048
62 1452
90 2946
75 577
50 2622
19 2852
96 2621
58 319
51 1401
68 1596
51 1329
100 3514
16 2443
80 2813
58 2030
14 527
9 1656
10 550
13 380
90 2263
33 2528
38 484
16 3103
63 1718
75 1086
81 3641
99 4056
11 2770
43 3622
62 3888
43 416
98 3535
3 2295
100 2575
43 1113
29 1579
48 1758
55 595
64 2865
84 1170
98 1528
63 2268
96 3773
62 3890
66 2427
89 757
2 3999
11 816
97 183
23 775
51 35
18 839
21 320
65 2556
40 3745
74 3037
12 344
85 2663
64 2150
96 3317
72 2041
41 3322
75 172
81 43
66 3431
62 1648
6 3171
18 1162
50 3919
13 2577
31 3346
77 646
25 2725
53 3708
58 1668
21 1258
36 2905
7 1554
16 523
33 3429
90 2414
49 3323
24 3466
24 881
100 8
13 2758
74 877
76 2946
2 2616
38 283
79 1390
40 3895
70 2022
80 3274
33 2948
18 2402
57 3586
72 2752
36 2015
4 2147
82 2992
17 1279
57 116
53 3374
23 2686
68 2917
99 1100
71 176
5 4067
53 1569
14 1959
14 87
40 1501
2 307
79 2374
62 1441
73 3262
67 1041
73 2847
90 2011
60 3974
51 1414
69 3546
78 1
76 942
14 2337
4 1443
11 252
12 1165
70 2362
70 3011
54 710
12 2425
75 1456
91 2068
34 2611
25 201
12 2921
10 1517
18 3165
23 395
25 1262
9 3828
21 684
100 2071
66 337
25 2751
62 3161
39 2796
24 2254
52 3986
84 2712
94 695
69 3835
88 362
39 574
20 211
87 2592
98 3348
4 837
50 2225
17 2306
87 2219
62 1958
14 1890
59 1685
47 882
93 1868
40 1837
46 3787
98 412
88 2953
98 2099
48 564
82 627
96 2671
19 2573
8 3730
43 2250
87 1612
7 1705
25 1821
42 3597
96 65
77 1197
60 3534
24 19
94 2229
73 3837
68 3466
44 96
88 3218
28 2920
23 3362
17 345
29 1115
57 77
79 538
21 2526
31 913
14 358
74 1233
40 2739
9 2493
12 2157
18 2847
44 3902
72 823
53 723
44 3797
7 964
43 3116
77 3749
13 617
46 159
98 1803
84 1879
47 892
94 2399
88 3001
87 1149
63 2710
14 3718
4 3678
32 3619
86 1411
71 96
54 1527
52 4082
47 1925
61 3672
7 660
19 2665
71 1976
12 838
20 1426
19 2630
80 2940
19 3571
2 2595
82 1803
41 3580
71 338
54 1646
63 3152
71 467
48 3201
71 86
82 2677
81 2737
55 2940
94 1405
33 105
56 3723
60 2769
5 2673
48 2129
96 2374
42 3165
91 2789
100 3493
31 851
42 285
68 271
46 2996
19 2380
99 3072
24 3311
89 4031
86 2756
40 1062
92 3179
39 3487
8 1560
39 1378
88 678
63 3507
89 3372
71 2464
30 2656
56 2552
67 3202
63 626
89 607
73 1258
2 3264
15 597
50 1413
83 3801
37 2541
58 3224
11 1856
94 651
27 2329
6 676
84 381
7 1827
67 658
44 1903
72 3012
80 530
79 1382
70 428
51 1113
88 1671
73 1214
62 2775
69 3432
33 104
24 2443
3 2551
51 4006
61 2309
79 2733
23 1830
72 3274
79 3827
100 3485
82 3354
53 290
40 57
67 1725
12 475
8 2160
82 2723
34 1357
42 3329
94 1458
5 1832
58 1656
77 1742
33 1924
84 1392
8 1629
85 1812
38 1576
36 3420
77 603
91 264
95 376
19 3268
8 68
16 2997
13 4041
28 1619
52 297
4 2432
64 735
68 3531
7 376
82 185
80 3113
100 1156
16 3402
43 2382
14 309
89 1413
72 4053
78 1901
29 1045
59 1500
61 2782
63 3560
4 3658
46 1782
38 143
54 1889
96 1474
24 2875
95 366
24 460
79 2712
85 1050
20 2186
38 2568
66 2372
27 475
13 3902
54 476
75 2932
26 3400
30 127
80 2233
36 139
39 2379
73 2170
42 1179
26 614
4 3453
39 1082
93 1933
41 1895
35 414
12 2344
21 1067
91 3146
50 157
29 1562
97 776
36 3400
98 2204
49 1896
10 2258
17 1514
71 1212
59 3539
12 1951
33 1454
56 3037
85 3253
83 880
74 376
100 1478
13 3424
70 3637
83 1311
8 104
58 1030
9 1619
35 3975
82 1041
41 1877
95 658
90 1259
70 3030
79 3700
53 2716
35 848
58 1916
100 2351
48 2902
45 3199
17 2771
76 1270
29 2674
4 3122
54 469
54 2609
22 135
51 723
20 185
46 2977
32 304
76 2997
31 3999
67 3674
57 816
37 1713
18 2908
50 3878
22 34
7 1103
50 3804
75 1627
58 3481
65 3005
5 2674
1 2469
41 1613
77 1100
51 2620
1 223
11 3453
36 2924
49 821
25 3750
90 1511
48 1355
46 371
13 1059
99 1233
31 3420
38 1852
92 2787
12 3160
50 882
15 466
25 1021
39 3040
4 2087
44 2552
12 618
10 2495
76 1183
85 857
9 2620
17 2208
91 1899
27 3734
33 3426
1 378
3 384
35 1315
44 665
38 1252
15 22
27 394
19 3769
89 2610
95 1657
34 3096
8 1459
47 2122
5 1169
31 3945
62 460
22 708
51 1068
43 2246
85 2280
93 387
13 3204
29 2939
60 3669
29 3730
89 822
9 1409
64 3935
46 1540
27 1193
8 1504
60 1613
4 2494
41 138
55 317
25 44
75 622
71 1483
24 2026
71 916
35 2284
66 292
60 4017
98 3125
49 1137
85 2848
16 1872
89 755
57 3045
64 912
5 3309
63 4063
82 105
86 3393
14 2504
57 3788
67 1950
91 286
2 113
35 3330
17 3631
10 3888
67 2446
3 1675
78 1438
86 658
58 3540
12 483
32 2073
96 1677
5 4088
45 1171
77 1351
1 3810
27 771
80 2711
57 1029
79 1711
90 3049
98 771
46 1875
100 1040
83 2051
46 866
12 1301
11 508
96 3911
90 3232
93 3134
2 2628
28 1893
18 113
25 3744
11 2298
76 1112
32 3086
95 399
29 209
45 1550
90 2476
19 3616
23 46
58 565
90 499
54 2127
26 3506
75 271
22 2843
39 1344
64 2614
44 15
87 1346
77 1631
14 2861
45 2627
81 1935
7 127
80 1480
67 1161
18 293
63 1007
58 3209
38 3319
39 1196
62 2998
41 3021
48 1316
94 3424
46 1823
49 2030
14 3429
56 2500
83 1848
87 150
56 1861
74 2199
51 143
7 48
61 3266
15 4026
99 956
79 1083
35 3220
74 1120
83 2598
74 1300
2 3017
19 1389
16 3681
86 3776
13 1979
94 216
93 3188
55 1485
97 1506
74 428
25 268
94 635
28 1919
42 338
93 807
57 2350
96 1339
30 495
31 1179
38 2368
29 2051
63 1181
31 2845
73 3499
86 4079
26 2714
54 1339
72 3737
90 1006
90 3678
80 1614
27 1539
72 1573
42 3875
75 2207
2 1812
10 632
76 1304
80 1561
70 3730
99 536
79 1792
18 1599
33 1035
16 1410
40 319
72 2547
26 1879
75 3891
1 2773
97 3802
4 2162
17 3480
1 3813
80 75
66 2486
70 1696
81 2483
98 1613
94 1801
91 37
12 1950
51 3977
60 2605
55 1389
26 1675
66 1769
61 1431
60 3205
35 2095
35 496
68 3888
47 665
91 1389
17 1696
9 1203
20 1212
72 219
56 2884
47 766
44 8
65 1269
53 2181
95 2928
89 3845
3 472
80 1410
79 2435
74 2537
23 255
4 2915
49 1868
51 513
46 1122
52 812
20 3571
16 232
55 2596
64 3442
35 3700
78 2353
27 3434
11 338
36 1740
26 1498
26 3010
40 3451
5 346
95 2866
100 3262
45 3355
92 400
6 3478
83 1901
99 326
72 1917
6 1579
38 2344
56 3025
4 693
82 1981
14 741
55 386
15 1201
71 2554
46 2832
84 3101
79 1301
39 2130
57 1209
31 608
65 1036
30 282
56 5
26 3367
18 3731
39 303
32 2586
1 1462
94 3939
11 56
90 1730
32 1809
34 1542
34 2134
59 2296
21 1779
51 831
25 2614
35 1270
16 1532
61 3135
87 1280
100 2523
37 1313
61 2659
36 943
92 428
71 3321
41 2592
66 623
19 2
22 25
88 366
27 1667
99 426
78 2539
48 936
50 1087
54 2462
44 1727
88 3767
17 1315
50 1323
55 2067
94 1896
89 608
10 994
84 2729
59 3270
71 2994
56 3497
68 3159
16 1158
2 3794
59 2549
36 547
75 4092
25 2317
90 2400
15 1135
3 2975
46 2096
17 2373
61 1231
91 1027
84 1146
83 1564
100 763
73 357
20 2243
49 1883
77 1028
6 554
52 3195
85 3630
29 3151
72 1974
51 2380
6 1879
15 1796
93 3738
93 3332
1 3149
26 3925
97 457
4 2314
99 764
25 120
85 2588
50 173
93 3546
60 532
7 378
56 1672
24 2426
8 1064
67 2312
43 3272
96 296
92 773
12 1075
42 3090
79 2330
65 3155
93 2426
88 2941
47 2555
52 3297
60 2287
65 1091
28 244
50 2683
27 2453
66 3919
60 861
19 3500
56 3680
33 3774
29 1606
100 2733
15 2063
9 1810
85 952
66 3452
71 1882
78 3854
57 2600
96 584
20 201
58 3703
22 1000
2 2997
39 1503
62 2495
36 1409
39 3042
100 2707
15 3992
58 1765
80 2800
66 3793
30 1675
36 901
58 3251
38 2663
38 2163
42 1867
87 148
77 3736
98 2380
60 3772
14 423
34 2080
43 1943
12 3666
23 3394
30 3204
52 1562
28 3229
24 1109
23 3573
75 1360
52 237
47 616
60 52
40 924
83 225
78 2108
84 1664
10 2052
97 600
77 499
35 2320
96 3811
36 2775
79 3246
80 4094
25 3595
18 2015
10 110
66 3109
49 1792
57 2378
67 1541
2 3852
40 1178
12 844
76 62
43 3735
60 518
42 599
87 569
48 175
55 829
33 180
94 158
69 1970
1 2525
20 1751
17 197
94 3560
70 1861
71 3050
3 3469
68 1698
42 1005
4 3652
33 2891
42 1639
16 1918
55 561
27 1011
3 4023
47 2782
93 3504
46 3183
71 255
43 3274
64 2869
58 1896
59 2536
92 2766
83 377
65 1821
63 1184
2 3833
92 1717
91 178
55 186
19 3320
5 1840
38 2559
83 3352
20 1302
77 286
29 2595
33 2001
100 815
49 2824
39 295
47 2277
32 1655
21 778
36 1539
11 695
78 555
74 3167
94 532
99 753
6 451
94 934
13 3858
58 212
41 1214
80 3211
21 2946
23 1540
68 1287
25 2336
22 3280
14 3587
54 1467
66 2851
95 984
12 3832
90 545
85 382
31 3603
65 883
52 3628
53 2228
22 1388
27 2981
70 1988
96 1403
91 153
90 908
48 3551
43 3618
70 3266
93 1871
58 4021
12 20
23 2844
62 151
72 899
50 757
42 2049
85 863
84 861
2 1110
41 3159
69 2632
49 1679
33 3050
64 1409
28 562
54 3075
13 764
18 1483
54 101
41 3292
85 570
84 498
44 1183
2 3697
92 2370
91 212
34 1275
75 3058
60 2738
43 1051
63 1704
29 3880
75 1851
54 3381
87 3646
36 2808
79 3819
41 1550
89 566
23 3196
87 3909
43 3840
4 1201
90 1315
7 3172
54 3141
31 2394
100 3245
28 93
85 2099
50 1008
86 3856
90 18
6 1634
71 2460
9 3517
92 44
33 3359
20 1966
62 1086
5 2943
99 1819
96 3054
39 1388
3 3496
90 2788
95 199
36 1137
56 3857
66 798
68 3503
38 395
30 3478
58 693
91 235
79 2387
33 1909
81 320
78 1076
55 4012
99 1096
36 881
74 1155
81 1509
11 691
58 3134
73 2524
40 3642
17 3185
2 3252
67 2016
6 2499
8 1651
31 694
62 429
69 3200
33 3312
52 2818
26 2001
87 1284
31 2536
69 2787
91 3849
4 2868
57 2569
19 2260
37 3564
74 316
62 3480
81 3843
41 1618
82 1337
5 2930
30 1203
70 288
70 3524
64 2807
54 3786
99 449
13 1399
65 483
82 3505
7 224
97 1068
11 733
95 3515
30 3760
75 3183
65 813
69 3426
24 2774
37 3923
28 970
93 4042
50 2073
37 339
40 906
67 2506
25 3567
17 736
44 291
90 2553
91 909
59 2547
73 1927
41 2820
17 633
35 2088
19 2163
26 3020
87 3378
34 2694
31 3105
75 1316
67 580
43 2778
58 2204
87 824
48 2873
55 736
24 1151
20 1308
75 2106
87 3385
36 1332
13 310
73 1570
52 800
50 10
11 3153
73 69
30 1459
36 3068
30 1288
13 1556
59 2548
34 1482
27 393
35 3153
53 3758
25 1989
44 1001
15 2975
4 40
24 3914
84 3573
18 930
79 2158
33 3216
41 1745
96 1371
32 3381
29 4050
89 2343
23 3454
85 3495
58 1976
99 808
26 2199
40 3837
16 4039
97 1902
40 151
91 773
87 3407
21 4042
81 2713
62 3533
14 3003
24 1676
92 3784
86 3705
39 1473
73 2516
39 1264
16 1590
86 1473
91 2078
91 3453
2 893
63 1270
10 3444
78 68
56 2552
22 563
31 1333
90 1205
65 1912
5 1357
47 2251
100 2587
48 3826
27 3235
15 1585
71 560
46 1258
41 3315
29 1715
78 3484
14 2355
15 300
15 200
64 532
88 84
68 2442
62 412
96 2078
53 894
100 1947
43 3806
86 860
55 238
94 1571
96 3460
19 2121
22 909
5 1309
92 3924
68 3219
36 3727
13 2245
2 2496
58 182
34 1441
24 1772
79 537
15 2117
87 2708
68 2726
83 550
91 3789
22 3171
45 2565
14 2840
92 2909
98 3252
98 2512
15 1283
9 944
64 725
75 3874
45 1249
26 2035
1 1485
13 1931
30 1415
39 3491
1 2623
16 3486
98 3647
67 3836
14 3356
99 356
22 847
28 3265
43 4014
30 2832
95 840
18 1027
100 1434
29 262
88 484
84 3336
54 1615
54 376
9 928
99 3966
35 2365
54 728
55 1525
45 686
86 2938
37 2608
81 190
78 2005
88 2495
14 375
26 1921
15 1987
48 2340
30 604
39 2476
30 3453
76 699
32 3955
67 4076
32 3664
2 4060
88 2598
73 1713
14 1776
71 2771
87 3088
76 1765
27 35
68 3340
78 3274
36 1111
82 2463
93 2713
45 4031
41 2864
67 1514
95 1678
75 2980
18 521
79 3501
19 2809
88 3886
17 3470
68 484
22 462
93 337
56 2290
23 3381
39 1024
63 3599
47 2817
24 2618
34 1030
13 3788
42 2159
96 745
60 1587
58 1348
49 358
12 3674
71 1492
30 2390
30 2712
78 592
71 893
50 3526
21 1109
11 11
74 3547
10 3688
65 2893
80 2480
39 869
100 1343
62 1563
8 2044
66 833
62 2739
89 2011
66 3183
31 3423
28 2516
91 562
58 2573
12 2227
84 1621
23 2499
52 1405
99 3831
100 497
65 3667
96 255
44 2877
29 3948
48 2227
94 3694
61 1550
81 1988
11 542
68 2123
8 2627
51 3790
13 3746
95 299
57 3846
75 681
100 3335
55 3819
79 3928
26 2906
30 2608
8 3610
93 520
41 2171
30 1964
77 3829
10 3939
23 1522
81 525
37 2973
10 2615
9 3689
33 492
4 3968
99 2985
41 2380
52 1184
69 1556
88 3394
99 2765
21 3923
9 1755
54 1923
56 3258
47 1000
22 2720
7 1690
69 1371
49 1628
54 2503
4 4019
26 2012
42 2679
51 2809
8 3197
49 3236
28 3974
62 2693
88 74
66 151
65 3987
42 591
72 1086
14 3761
33 3203
19 3229
61 2953
96 135
43 614
83 3510
99 324
81 2738
41 3543
6 2000
16 3187
66 592
61 924
55 560
21 3144
56 626
86 2391
94 1279
23 901
53 2781
34 259
18 1228
70 746
57 782
96 1202
42 3807
36 835
95 3368
18 1485
84 3767
68 55
44 2781
13 53
3 3691
25 1375
3 2466
42 472
42 2215
70 3562
73 1409
16 1682
28 959
24 1422
51 178
22 62
80 3437
24 143
45 2561
11 2084
75 1147
2 434
44 995
49 3209
6 2122
87 2110
87 3342
95 554
4 2210
39 434
11 784
91 2234
52 611
16 2244
55 2570
95 1229
60 3689
58 3232
91 2567
92 3796
28 922
25 26
31 1503
79 371
89 2553
44 2003
80 1299
41 3459
53 2516
79 983
34 1837
39 609
21 3873
100 2016
7 2088
7 2934
69 3524
48 3176
2 3538
38 546
47 253
89 1234
67 2689
9 3459
88 2203
29 2097
11 2556
66 1372
68 2449
95 578
56 1005
59 3449
84 2374
28 1362
36 1977
27 3810
97 359
59 3780
47 1543
38 59
57 3487
7 3688
38 764
51 181
41 253
30 3652
97 172
24 1689
46 1435
18 265
19 860
66 1544
63 924
35 169
95 272
47 2115
42 2382
70 1607
29 2668
35 2261
16 2544
69 81
56 724
45 1165
47 722
85 1473
9 1406
84 2799
25 146
32 699
42 3194
22 79
83 423
14 528
63 3472
84 1914
68 508
94 539
96 3762
79 3390
3 3131
10 1968
16 3782
34 2768
63 3637
63 248
47 2184
91 117
78 2012
92 1600
7 3432
22 3306
79 1411
52 1074
57 1450
19 1463
44 1133
22 923
74 4
3 648
76 3061
96 2278
100 1222
3 3753
45 3038
21 523
73 674
29 2216
60 3576
81 3160
62 3656
75 1413
80 3956
68 1509
7 1930
92 3503
86 3051
56 2041
76 4078
65 3408
56 2953
23 1296
78 3663
83 1614
34 2704
5 4071
15 1203
4 2954
79 3723
50 925
92 2521
71 2449
80 2015
65 1651
88 2089
79 919
66 797
75 475
55 1629
84 3504
72 2765
87 2498
19 770
31 933
12 1720
86 1951
73 2188
83 1620
38 695
10 2102
75 136
72 3728
40 1138
35 1294
55 2194
86 3002
58 84
12 733
61 2758
25 1248
74 3522
78 526
22 3500
49 1719
6 1318
88 2880
98 2744
24 2385
9 2618
35 2551
27 284
93 1577
91 2860
13 1219
49 3973
78 1902
3 1567
67 916
66 475
86 1067
25 2358
6 3246
89 2361
10 789
38 1116
64 1597
15 700
53 1765
11 1385
11 983
5 1352
81 563
46 1215
34 3887
66 16
37 3482
97 707
63 3377
23 68
85 3949
20 3408
29 2582
55 525
95 3569
49 3233
28 3169
45 3340
64 3406
58 1113
5 2147
20 4053
64 3500
35 66
4 3730
50 2849
70 1317
88 934
6 2171
30 52
11 3366
57 2098
34 3773
49 2073
94 1799
98 2182
81 217
91 1381
37 2801
22 2400
34 1579
80 1919
43 3312
100 2697
14 213
52 3028
58 1936
66 1920
64 2370
40 598
72 3081
59 4017
6 821
49 2918
26 2746
33 1959
93 2373
62 3123
32 2633
87 2973
94 375
72 2327
50 2933
94 3922
3 46
23 1278
22 3201
78 2327
82 2498
20 3547
48 2369
17 1376
17 1190
78 2232
95 2125
44 2572
7 3011
90 712
4 952
73 3054
21 959
31 26
80 1433
73 4085
34 3500
71 981
48 847
72 2416
21 2758
63 1763
18 1658
54 3284
25 1039
83 2420
82 436
85 2986
54 1611
48 1457
23 1268
97 2877
67 883
41 2443
6 2117
78 3766
66 1313
92 1563
98 1669
58 3542
91 648
1 601
51 3241
26 2477
52 2501
41 3798
96 1282
86 343
56 2339
29 3893
43 3546
38 1136
98 897
42 3732
25 3447
21 1176
94 946
88 1081
10 1265
1 845
90 3393
91 3437
82 3124
51 2742
54 2467
50 1724
37 2004
3 2678
20 1460
85 1369
46 1394
64 808
79 223
84 2428
67 1348
53 1156
80 3819
93 1222
70 179
51 116
74 2404
71 466
43 602
47 3211
21 1360
11 2871
89 3026
58 995
28 1469
6 638
28 2598
2 3459
4 2290
20 1070
40 450
49 1017
74 3023
26 3164
96 529
30 1589
56 2760
35 544
17 4040
62 840
84 863
90 131
81 3271
69 1684
88 77
9 3931
10 3937
92 3379
80 2333
51 2391
41 628
95 652
24 245
43 980
24 2732
88 1599
75 3297
21 2959
19 1222
90 3934
82 3299
84 1823
7 523
78 1906
44 3552
17 1620
63 83
36 3470
44 3466
30 515
34 2173
26 1600
93 3842
62 3843
39 1007
68 2264
1 3351
63 3348
78 1096
49 2633
71 1357
8 633
76 2427
71 1767
73 360
37 3898
68 298
13 3904
12 1862
74 1010
28 3233
22 3077
95 3264
40 2264
27 3484
96 813
53 956
81 2184
50 1451
98 1082
54 2134
27 245
100 2283
36 2475
16 3701
12 2916
53 2661
76 1228
16 127
23 2090
2 195
90 258
26 251
33 435
25 2294
49 3511
20 2399
3 2763
18 3807
81 633
51 528
80 2152
25 1347
55 920
21 2773
86 987
47 1815
28 20
49 3685
51 3766
46 1971
8 2213
77 2838
83 858
100 2019
31 1863
55 942
6 1639
69 3296
22 3761
88 1471
63 843
86 1895
62 1254
55 1316
11 3364
62 6
65 3559
80 2359
84 1295
62 1810
33 2828
80 3074
98 944
1 2927
88 149
30 1259
79 3587
45 1852
52 539
4 1667
98 2357
32 1286
7 419
61 2139
46 3926
60 774
93 2603
20 3026
38 2024
12 58
64 2157
80 3162
59 372
86 2391
22 4085
25 715
57 1632
85 68
71 1549
58 3764
70 2057
97 4034
8 192
55 13
92 722
74 291
11 1385
49 429
28 274
31 2665
74 2779
72 2606
63 1284
45 2365
52 782
52 113
71 2472
86 3402
68 3012
26 783
9 3484
13 2515
4 429
40 2528
46 1666
84 963
25 379
1 663
62 2145
23 397
51 962
85 1669
73 558
2 2000
13 291
50 3206
78 3855
40 450
27 471
65 889
1 4072
91 2485
55 1323
15 2016
40 2077
81 2298
62 2921
62 2374
39 843
26 2951
41 3059
24 811
41 3684
100 3004
46 140
92 2194
63 1646
74 469
77 3728
85 2340
76 801
5 649
81 410
23 3103
80 3300
22 2384
26 4017
38 983
60 357
86 3662
52 3781
3 611
62 2341
35 202
16 3563
5 3680
83 3081
80 3988
26 3254
86 645
1 855
77 623
56 2126
97 283
3 1494
24 2978
62 1607
72 2507
55 571
13 1822
77 1153
13 304
78 1637
27 3627
46 3188
12 3251
23 3204
77 722
53 1381
96 3715
58 852
13 4051
98 2088
45 2308
42 1073
25 2695
26 1438
82 2363
82 3192
9 3867
71 2068
77 2229
7 2797
74 2408
29 3954
66 2954
41 526
8 3166
14 1273
45 1175
61 1409
77 474
58 2770
92 1823
17 633
18 52
72 518
36 3875
99 1134
42 3395
31 115
17 1699
89 1064
64 3254
28 2144
60 585
28 105
78 2302
98 3894
28 643
74 1621
58 3129
43 2973
27 1357
54 996
71 1000
79 2907
58 1751
63 3465
20 2210
32 1239
82 968
67 3852
49 121
33 3296
83 4078
25 1456
54 2959
32 1921
59 342
100 873
21 4026
16 4039
96 3654
55 2587
71 823
94 465
50 1072
16 962
28 3868
77 1954
57 981
49 2862
19 3741
42 61
18 3602
6 1326
23 617
72 1115
2 579
85 1940
65 3430
76 3190
42 2623
15 1597
42 215
31 2146
44 2863
12 1038
11 1597
39 2492
50 2032
70 537
20 989
95 2821
19 1255
44 2967
61 3068
100 994
14 2114
22 3988
57 2044
57 3524
31 2948
61 3317
25 1563
73 1550
46 1434
98 2145
86 3736
37 3989
75 1533
91 1483
4 823
36 2097
56 969
28 1168
61 4025
63 3823
56 1060
35 3324
74 659
6 2120
4 2863
88 418
99 1037
46 3397
9 3168
7 3072
30 3258
32 2830
2 3060
1 3142
48 496
56 1767
39 1815
35 80
53 1772
35 469
46 2367
46 3040
51 1195
20 1875
30 3122
22 160
71 1921
97 2413
64 2889
38 3871
12 230
66 842
88 2536
14 420
43 3120
96 748
74 1773
36 696
35 2031
34 3233
33 3419
76 3339
8 2284
27 2127
72 3113
86 364
10 3443
85 1289
54 2126
88 2092
2 2596
87 2539
76 2530
3 3239
81 1708
27 1521
91 1670
67 2274
77 2418
72 932
62 2205
35 679
11 2500
19 3432
21 3674
63 1678
41 170
49 2445
75 3355
31 3163
38 3961
19 1996
14 1350
77 1390
83 477
41 1104
9 3616
66 136
47 3748
87 2547
93 898
93 1402
3 249
54 3765
43 1336
36 472
44 3418
60 2733
91 2640
98 341
88 2346
68 1701
65 3225
20 3883
20 1306
34 2105
7 2462
50 3269
18 3255
90 2216
38 1673
43 1693
78 1058
41 1665
90 354
45 2717
79 3449
77 468
1 2156
10 1357
2 2587
37 1568
68 2870
21 3661
40 3678
96 2521
86 371
13 2247
92 445
87 1029
94 1820
62 3496
48 4066
19 3748
86 121
72 1491
71 372
98 3659
97 3798
75 1172
83 907
68 536
65 3808
35 2704
84 2597
41 953
4 3382
53 1491
43 219
55 1380
99 2150
18 3046
38 1832
12 1666
37 1734
22 816
60 2433
39 3916
21 37
32 2300
46 2160
85 2953
29 3605
56 699
7 1490
51 66
87 852
79 2064
35 1622
10 120
27 2471
95 1899
23 2285
62 2951
58 145
51 859
20 311
7 3748
75 62
71 3641
71 2429
90 1094
40 2720
33 1867
9 2790
50 3600
76 2920
74 1971
28 3119
93 3429
84 1979
91 1471
81 4002
3 2107
11 1473
88 1518
45 1261
43 3084
97 1671
62 129
21 2839
92 1528
6 1033
94 2770
4 227
22 3319
81 2293
41 398
62 1815
16 2164
67 59
57 3091
32 2195
47 1204
78 2932
32 134
23 964
93 3336
40 1063
13 2051
77 15
33 3493
51 1966
70 408
20 2298
87 2971
40 2156
49 3675
94 4043
50 23
7 2114
20 457
57 1817
8 976
3 1705
95 71
59 203
35 4025
52 3357
72 1852
42 2906
10 3913
1 2690
56 1219
5 177
69 1419
38 1397
91 1270
53 1570
94 1995
70 1176
33 896
66 1531
88 3546
23 1159
93 2348
17 2026
49 933
11 1560
15 3255
60 3392
29 4026
24 2451
43 3904
17 3444
30 3198
75 3866
66 1901
32 821
14 2091
12 2650
74 1948
11 2506
100 1197
29 935
40 1705
2 932
86 921
39 2832
52 3307
16 2529
92 2702
46 2405
34 3597
62 1855
35 1109
56 1933
4 986
82 1839
43 311
69 2538
99 3002
53 3648
46 2755
11 553
45 466
29 277
20 1282
45 3673
3 1810
4 2373
30 1839
97 1877
29 551
88 911
41 2392
4 2875
30 2820
74 1123
47 712
24 3443
14 660
31 249
78 2304
37 2724
85 1256
20 2935
51 1209
51 1823
99 334
1 2619
98 2084
29 4023
11 3822
5 2285
89 2724
4 1614
32 1254
86 1229
13 1687
92 3574
14 855
64 1940
31 3126
46 3821
56 2398
19 2089
1 3739
83 1192
52 3063
72 3901
15 1011
94 978
61 3280
6 1725
58 2061
22 3811
11 3613
39 882
51 1320
22 2006
30 2949
10 6
91 2012
45 1959
30 577
35 2668
95 3180
41 3851
63 1754
32 3232
46 2681
43 2633
90 505
2 744
64 23
45 1445
67 2746
27 1466
49 2647
52 1638
91 1090
74 714
65 3854
44 2536
64 1947
99 1229
28 521
69 2729
21 3278
8 2849
97 2124
81 2175
9 1647
20 1433
34 2967
34 3420
8 3279
13 133
25 505
4 452
31 242
100 2982
43 1445
78 1787
42 989
51 3926
88 736
1 3884
94 1548
4 2579
95 194
3 378
48 1939
78 2412
71 3177
11 798
35 447
63 85
83 1297
43 2516
77 2410
14 1301
29 254
16 1430
89 2308
49 2219
9 1815
89 1876
17 3106
80 2100
51 3054
41 1509
4 2579
65 1294
47 3463
14 2064
4 2059
44 824
44 355
6 16
78 2166
67 1066
8 735
46 3636
24 3133
63 1930
18 439
62 1494
10 934
11 2796
89 2500
83 2076
2 30
28 2773
85 1057
77 3046
90 927
4 3105
49 2957
72 1404
77 187
98 4082
41 2675
19 3642
37 170
58 3909
5 3104
68 3131
18 691
51 3518
31 499
67 872
21 2482
20 3085
70 2524
41 3334
30 3726
44 3334
96 702
20 1816
43 1125
60 3540
20 3516
6 3265
78 284
90 1857
35 1057
80 2207
78 2608
24 784
95 1588
97 3744
53 3340
93 3520
54 1764
36 816
92 2867
95 3020
26 2832
100 2396
8 778
64 3898
98 2883
48 1275
94 3203
26 2428
86 2079
11 1910
62 960
38 1267
19 2573
63 1515
19 2341
74 3629
61 2625
100 96
14 2083
61 1139
57 1904
90 2263
31 375
90 1704
37 2669
6 3775
8 851
17 2254
67 3027
88 669
40 109
81 2348
38 2128
71 2039
46 2339
66 983
90 1495
5 1156
21 3838
88 226
98 2377
60 1941
87 848
83 2553
7 3866
37 1050
87 3422
97 2612
53 1743
78 1567
49 3731
53 130
49 1697
62 2998
54 49
31 3848
41 3126
8 1555
17 1790
31 3751
64 3231
20 1438
40 4
77 4009
34 506
91 1730
49 4027
24 1269
3 3145
70 3064
85 3392
59 1521
41 411
55 2298
60 3085
32 3759
3 2656
76 679
19 1052
87 309
58 2069
90 1698
23 3897
54 3625
49 3136
32 2041
75 1311
61 756
61 2539
25 3920
51 908
47 3746
59 586
100 2126
26 918
86 3195
14 375
88 888
40 3761
64 3120
16 3007
25 1135
89 529
58 1941
52 846
21 498
89 1251
59 1220
40 474
81 3473
95 1682
99 280
44 3366
95 2231
31 1582
75 1734
5 2319
88 713
87 661
94 1818
78 322
96 3259
84 2462
70 3407
64 3726
40 230
19 1258
18 3366
28 1676
97 3558
74 2755
55 3750
73 4063
74 3823
87 3019
53 2133
84 3860
35 815
1 1676
42 1064
5 2909
26 2615
70 1803
84 597
58 3384
6 2639
54 1253
12 3018
55 2658
89 1845
52 193
9 824
40 1175
54 2180
98 1763
8 58
27 441
76 645
79 460
49 1624
91 1299
19 1789
19 2458
22 3769
