1024 1000
22 276
39 471
58 236
96 384
29 191
54 741
78 59
81 444
15 707
68 724
27 539
97 855
60 383
27 171
77 26
68 666
90 39
48 971
18 163
74 359
57 1008
95 306
66 155
89 924
53 504
96 363
79 956
38 870
66 240
88 618
29 927
91 566
13 370
17 215
32 842
81 884
21 647
73 866
53 914
66 637
21 365
35 411
56 168
88 610
87 271
15 672
82 462
37 114
95 725
28 339
43 900
18 343
86 363
1 298
56 950
42 644
30 909
27 585
52 286
58 459
41 373
58 730
78 318
19 640
47 147
2 561
6 152
55 544
62 63
29 765
24 751
44 277
3 414
90 686
36 7
44 232
71 225
49 188
47 779
24 561
65 781
85 947
96 999
62 421
98 282
25 25
16 545
26 642
90 139
72 633
13 423
52 524
68 800
87 166
71 514
58 455
87 822
5 178
84 842
43 833
12 759
54 107
39 135
45 213
45 28
5 417
34 685
96 73
8 627
14 1014
44 963
13 386
16 821
16 532
87 138
84 738
80 173
76 151
19 568
99 579
39 183
24 21
59 911
25 303
53 331
44 629
13 736
30 5
77 553
32 147
58 875
12 562
56 703
8 330
59 50
89 841
60 880
21 75
34 954
37 255
88 668
35 528
88 872
32 912
65 43
78 66
82 917
59 941
27 314
62 841
23 130
86 595
65 494
1 751
55 21
85 682
68 863
46 43
86 717
22 86
44 987
24 653
39 778
65 450
100 814
54 430
80 923
4 928
49 668
94 815
44 634
49 352
100 658
70 158
74 324
39 85
42 394
45 141
96 281
50 215
87 855
68 1014
46 644
61 122
79 547
48 975
84 384
38 628
41 695
73 367
50 3
35 280
25 164
76 544
88 1009
18 514
31 377
91 568
60 396
73 283
58 601
65 73
20 534
76 1001
60 460
27 198
11 793
53 859
92 896
58 376
4 111
57 694
63 368
66 483
3 926
13 680
10 997
52 462
82 428
42 709
27 780
50 325
32 358
75 480
81 536
7 84
10 719
22 109
66 1015
95 824
76 331
31 394
39 207
19 808
62 268
60 496
31 374
77 570
15 979
89 960
87 879
31 112
62 796
20 635
42 810
99 678
24 913
7 418
63 901
33 728
36 693
16 166
6 1020
31 772
46 760
67 440
66 726
80 163
5 771
10 259
17 208
68 672
88 982
6 191
2 266
78 1001
34 93
6 999
88 876
63 38
7 429
17 201
78 4
55 627
99 136
81 307
23 796
58 439
25 19
65 586
5 522
66 218
87 703
29 702
58 939
59 141
71 192
41 473
27 703
35 969
11 959
43 157
14 205
95 458
15 199
67 507
53 580
9 311
54 917
64 811
79 727
27 149
2 267
1 88
18 695
5 784
1 283
12 334
47 511
55 710
69 809
32 405
4 916
63 621
28 703
68 614
53 334
11 298
17 359
33 546
98 417
13 658
36 220
64 162
86 758
47 415
91 39
27 906
22 510
3 738
68 910
11 592
67 65
77 819
32 249
68 453
46 644
78 341
8 53
14 569
63 349
99 329
43 778
98 316
67 712
65 450
21 356
57 816
48 905
74 843
41 950
11 794
25 357
70 408
33 612
77 195
48 935
99 322
52 733
57 950
48 666
55 1017
1 391
12 416
95 393
79 400
30 505
25 887
81 279
90 246
82 222
8 825
45 963
22 820
55 758
66 66
51 96
74 395
83 865
51 757
74 21
64 551
21 301
61 362
87 683
67 444
20 22
48 12
84 365
12 630
98 553
44 497
100 753
51 110
6 677
63 827
33 998
85 198
18 766
7 852
96 141
23 303
50 514
31 122
42 122
75 976
22 422
44 297
91 314
7 744
99 249
78 663
98 898
84 496
7 394
23 38
66 594
21 696
19 655
53 961
44 543
4 425
1 335
89 91
44 103
90 614
15 355
73 573
80 88
32 867
50 366
92 1015
51 220
34 18
14 478
82 625
69 865
73 961
35 746
11 822
8 860
20 175
18 664
39 417
51 790
35 208
75 139
19 66
90 884
95 208
42 36
12 334
64 857
30 50
98 296
27 401
43 258
31 320
41 297
8 648
90 995
47 193
73 29
42 466
69 340
17 226
63 481
23 250
17 828
75 890
95 145
70 229
51 841
48 299
21 259
86 175
53 777
27 337
49 624
39 693
3 451
82 313
87 452
94 219
59 860
68 353
72 350
41 382
90 104
17 278
99 602
20 591
38 818
76 135
65 706
59 355
72 721
35 39
96 204
13 403
99 341
59 19
70 312
44 855
91 56
68 777
14 560
92 1011
37 247
41 770
36 948
20 59
40 767
69 791
34 354
93 1009
66 924
55 359
55 402
45 625
10 296
38 91
3 721
77 184
99 198
41 894
17 28
44 764
18 25
46 740
98 699
88 47
94 726
1 808
43 593
96 560
60 785
78 719
65 727
54 423
24 830
100 20
57 220
51 627
60 288
78 621
86 41
71 559
58 47
30 868
19 750
56 502
62 29
40 991
39 73
93 654
38 681
5 735
40 431
21 119
3 678
7 680
66 381
71 459
51 556
26 41
77 705
46 791
66 738
17 464
82 121
18 688
5 766
18 676
29 734
42 891
39 508
22 80
76 760
30 290
96 839
46 572
88 872
14 229
81 70
56 370
91 785
33 991
47 430
91 699
39 412
9 525
32 86
32 783
26 117
85 113
68 378
44 451
25 1022
7 809
39 346
19 257
39 187
76 633
53 866
15 755
49 871
72 148
4 859
91 777
68 979
49 907
56 549
41 557
2 1011
37 612
64 495
73 438
58 68
90 274
17 352
4 161
26 259
49 130
34 215
10 45
65 771
87 500
7 259
4 840
77 373
51 576
47 271
94 524
22 35
17 246
39 801
7 584
51 715
97 128
45 595
84 73
69 98
84 635
100 604
86 600
80 876
68 818
59 141
34 460
47 90
74 561
74 88
1 925
86 833
8 706
55 200
94 743
65 325
49 653
16 802
92 879
22 379
25 776
23 990
15 694
59 916
54 945
67 350
9 780
3 872
85 561
11 214
32 344
7 632
92 442
18 199
69 39
42 969
22 72
2 1024
85 988
24 995
96 894
96 728
46 478
76 86
59 622
60 294
65 838
73 936
87 310
39 551
32 688
99 137
47 404
41 500
64 28
74 251
57 789
19 546
19 530
84 257
31 931
18 68
12 450
51 998
36 89
57 83
20 1019
24 511
59 356
50 766
79 455
84 279
43 970
89 461
95 432
89 602
18 242
73 57
52 647
78 427
16 554
5 487
41 728
53 947
43 982
72 441
28 679
60 631
57 520
83 75
23 784
80 264
81 320
20 692
79 349
18 678
83 603
80 427
54 113
25 365
38 12
21 482
2 500
88 290
31 154
65 945
93 16
44 938
48 503
5 278
12 699
71 730
1 70
72 582
34 480
2 252
43 727
41 156
6 820
58 197
49 810
93 886
17 301
67 136
51 379
41 630
97 343
11 329
13 466
3 594
29 832
21 411
82 553
19 736
40 1012
28 297
49 24
34 597
8 956
81 103
22 121
24 363
36 43
19 876
68 577
45 429
81 266
19 918
78 381
1 142
16 536
62 140
48 595
33 883
94 445
65 835
89 693
85 4
27 864
71 218
28 300
94 800
33 461
70 358
53 298
83 185
50 936
36 369
38 36
55 7
84 188
98 21
64 1014
48 590
89 903
87 245
86 429
76 742
45 713
31 705
71 574
69 820
9 189
20 991
24 390
29 704
97 814
32 432
12 747
1 632
49 804
20 802
20 896
55 72
96 594
64 570
3 641
85 627
89 528
9 28
30 566
23 470
15 430
38 134
37 898
78 777
77 617
23 884
44 49
63 48
66 707
57 784
63 982
31 127
49 979
66 378
28 885
8 875
46 725
20 442
34 749
71 251
46 749
58 829
21 41
32 415
51 469
58 45
82 560
67 910
31 324
60 10
24 87
52 474
63 868
55 384
20 85
10 933
69 744
58 606
92 589
32 506
29 169
58 458
81 720
92 219
11 607
20 203
21 88
8 479
43 566
82 522
91 472
31 459
11 144
4 974
76 35
47 765
76 1004
66 932
83 541
18 717
59 353
79 815
60 570
13 370
100 107
68 762
86 298
100 768
37 236
1 148
90 147
68 473
54 86
24 824
42 505
80 749
82 411
31 273
44 808
47 67
90 510
36 467
15 1024
22 223
43 926
14 504
20 258
1 173
19 332
12 968
69 487
64 670
49 207
94 853
42 560
39 903
57 723
57 851
62 554
73 956
3 419
87 502
72 387
98 1018
63 645
53 531
51 629
84 1004
15 93
96 824
21 726
86 697
60 22
100 121
23 572
28 5
10 487
98 641
53 155
22 567
7 571
49 905
95 248
56 1009
13 691
16 993
37 485
61 816
46 164
21 56
36 988
44 701
14 565
30 299
39 951
85 493
29 938
53 671
69 233
83 501
11 438
65 291
2 110
47 403
89 1019
66 1008
66 517
73 408
1 1002
98 775
4 546
87 401
67 616
7 620
100 702
