1024 4500
82 536
22 979
83 283
74 501
47 756
20 182
7 689
91 550
55 196
4 545
46 739
30 721
50 695
88 797
16 866
93 854
2 622
92 32
21 821
25 155
77 520
65 875
84 67
80 923
50 295
67 407
22 796
4 579
47 955
36 958
8 664
11 149
46 571
45 142
67 713
36 919
64 632
81 391
6 145
37 959
95 731
2 448
3 445
91 969
99 354
10 146
57 665
67 254
75 475
23 577
31 691
40 370
10 216
92 996
80 25
22 799
35 247
94 233
83 224
37 41
65 55
87 570
71 481
79 929
15 194
89 93
60 952
42 157
100 197
36 503
13 34
57 976
36 499
88 971
90 361
51 275
75 173
80 109
93 642
93 583
59 493
55 694
13 112
39 564
81 978
42 529
87 319
44 267
53 664
93 514
60 199
48 414
84 607
82 1024
85 534
35 35
58 233
65 422
37 555
81 653
80 3
61 495
73 637
93 113
92 973
18 275
31 390
88 518
44 185
42 196
94 76
75 719
68 959
73 652
45 77
72 996
27 437
94 399
41 202
75 324
26 113
34 297
62 261
74 473
93 307
37 138
42 899
40 690
53 972
65 297
17 597
72 103
21 734
94 57
7 1012
44 61
16 977
41 601
1 146
34 657
29 718
82 834
32 625
83 400
33 816
32 597
36 963
43 396
24 176
68 583
60 831
63 263
43 999
52 995
16 913
39 572
6 396
70 173
40 880
72 568
51 243
24 34
61 839
41 853
6 880
15 153
22 29
40 444
31 255
58 122
27 16
94 748
67 51
72 407
66 467
82 577
49 90
54 889
24 15
45 917
6 103
94 556
87 461
43 133
75 389
67 857
100 948
36 815
26 475
77 903
1 146
11 625
15 41
61 138
63 182
19 948
64 76
47 415
48 454
23 226
46 801
78 221
52 637
63 697
71 207
24 3
49 6
23 587
50 91
53 100
40 755
32 556
86 502
58 341
23 492
58 772
21 623
13 992
99 1003
53 321
18 216
43 538
61 949
80 267
99 824
26 287
6 389
94 359
39 787
27 821
34 240
29 522
70 537
30 72
71 130
88 700
61 714
5 565
98 313
35 653
68 173
87 666
69 756
68 427
86 699
20 771
30 792
77 776
44 758
19 818
91 215
2 207
40 706
75 542
42 578
38 106
74 84
35 286
59 770
53 332
48 936
14 358
23 346
77 1006
99 955
31 965
5 268
43 49
42 918
86 967
31 759
44 196
98 818
97 656
84 169
51 1007
24 40
8 782
6 448
15 464
83 538
45 523
81 551
35 754
8 136
57 914
46 744
45 711
82 566
50 77
94 304
95 814
68 399
67 729
90 310
80 200
31 572
15 627
15 269
85 542
73 29
64 274
44 516
13 285
1 302
89 791
66 420
64 949
90 126
9 639
15 820
7 257
64 537
60 466
21 216
3 185
88 414
11 1015
26 419
8 986
88 636
72 301
83 307
89 848
69 877
7 867
85 277
32 16
85 983
29 593
86 463
50 417
49 212
55 782
38 682
51 325
10 471
30 324
13 850
68 185
67 610
20 351
90 127
2 674
93 846
30 258
12 1019
2 136
94 56
85 835
22 636
8 7
14 761
78 858
58 477
11 264
22 46
26 947
32 979
84 256
8 838
53 60
48 162
31 14
65 88
76 954
3 983
20 804
71 266
45 281
94 655
4 804
36 134
26 871
60 298
42 888
79 614
39 942
51 117
71 992
36 779
53 926
81 857
57 432
22 318
32 839
8 231
82 648
68 320
14 452
73 596
99 727
1 237
80 960
9 575
19 557
1 823
86 41
95 139
32 752
96 159
35 403
2 160
50 753
79 520
48 71
71 494
5 275
34 417
26 59
39 112
39 295
67 48
19 565
70 807
33 641
69 859
72 330
34 45
91 473
84 238
15 654
36 316
77 437
8 114
15 698
98 85
88 136
81 302
80 318
60 992
19 25
30 978
50 820
10 412
28 562
30 810
51 357
17 95
89 832
81 264
21 434
12 472
45 480
18 244
46 857
88 732
9 13
53 211
32 682
50 75
59 247
5 410
99 985
88 372
97 712
95 273
49 982
29 689
2 494
69 211
26 120
10 183
24 602
45 964
27 1014
66 478
77 898
99 839
95 366
14 627
58 820
63 174
66 619
3 191
40 771
65 414
30 318
52 1021
39 988
8 153
41 974
54 189
47 492
44 681
42 189
35 911
17 158
8 762
40 922
100 864
84 328
97 533
89 848
66 539
95 465
95 763
50 297
56 237
4 955
41 621
55 176
95 103
25 567
4 84
16 791
95 108
18 175
64 738
90 145
36 808
6 943
23 1023
83 474
7 1002
28 128
31 522
75 81
5 635
83 464
66 87
67 641
50 324
3 833
94 813
46 289
80 563
63 118
9 421
83 796
31 994
15 997
44 201
89 92
91 700
59 528
22 785
68 979
61 959
87 122
67 740
86 318
86 617
52 839
45 2
14 411
96 508
39 463
68 436
38 518
3 84
65 896
73 165
98 953
55 612
42 845
20 459
70 605
79 573
51 64
7 4
50 546
43 857
92 194
20 537
71 378
76 732
49 464
72 74
84 994
33 441
50 1012
4 951
57 950
92 1011
57 50
23 463
3 501
99 578
79 562
22 381
43 709
88 163
97 983
88 540
36 920
57 741
24 856
4 476
45 143
90 770
96 452
12 786
29 502
91 623
31 428
7 977
60 67
63 260
53 350
40 977
25 756
25 128
59 336
79 343
74 41
8 669
32 295
18 420
80 768
70 834
23 1021
34 283
23 900
94 87
1 317
15 470
80 732
73 634
19 176
45 521
24 40
65 707
23 595
71 106
94 120
16 509
68 701
55 178
97 308
17 801
33 303
22 672
74 843
54 53
2 234
37 209
1 737
35 607
35 1017
77 645
97 628
49 228
92 919
6 880
2 670
37 826
4 902
98 982
8 755
22 713
48 582
85 236
10 812
23 601
76 531
77 916
42 349
36 437
31 525
73 444
14 949
18 117
18 719
98 522
65 83
86 412
80 107
63 958
42 465
38 697
35 754
41 104
42 708
61 320
68 833
55 377
41 1008
1 558
86 567
87 126
69 265
17 289
47 160
90 264
16 755
8 595
44 524
30 561
75 214
8 414
22 618
74 778
86 259
24 279
25 366
25 449
86 941
93 1000
24 958
75 700
12 175
94 147
82 967
43 905
13 562
50 178
64 60
48 757
2 243
71 118
36 415
22 214
92 279
57 407
100 428
6 900
66 351
70 275
74 729
55 450
14 449
23 421
32 558
77 825
44 164
10 384
98 483
5 909
97 785
56 973
96 373
12 789
12 869
12 1017
45 194
74 839
74 44
87 125
18 388
89 377
67 866
44 104
81 332
5 61
13 280
29 280
72 856
73 351
73 84
23 249
53 784
79 919
44 298
83 405
33 968
25 211
73 517
66 109
68 302
34 940
81 178
44 209
54 240
91 710
3 902
46 599
9 1021
33 464
94 512
64 978
39 625
76 239
9 477
68 964
63 517
12 335
14 51
99 703
22 78
96 612
3 322
78 615
70 679
67 611
30 922
40 620
22 727
82 638
7 181
10 957
49 433
16 367
75 810
33 772
55 433
19 841
74 544
24 47
10 486
5 363
23 196
58 905
62 816
74 76
40 71
41 669
55 276
55 985
21 55
24 948
67 66
88 216
94 171
34 807
4 918
46 15
85 103
71 1010
46 412
66 890
31 70
26 985
13 544
66 405
70 653
64 61
87 68
80 304
66 538
34 894
3 231
48 520
86 802
85 227
17 566
68 671
59 625
84 979
76 553
8 742
41 687
86 899
74 53
58 992
78 264
61 1021
74 744
72 827
29 1020
90 709
62 121
44 172
2 987
43 889
79 486
74 695
72 383
50 902
76 747
89 1
50 705
37 480
8 512
34 944
20 311
80 45
32 983
52 153
53 342
13 435
95 623
54 975
49 675
16 416
9 696
81 383
52 413
86 799
81 119
98 408
46 321
84 861
4 667
65 200
33 5
39 811
67 740
45 608
94 588
43 786
63 415
16 634
92 1005
28 728
24 101
75 529
54 562
49 701
44 353
64 188
41 510
55 984
45 735
27 614
11 565
96 557
44 519
43 783
16 574
10 599
95 596
63 72
93 467
8 336
75 647
64 151
25 498
78 357
20 676
11 506
25 322
7 172
20 205
6 315
18 415
29 428
50 1015
63 118
53 246
81 251
41 976
98 1
65 511
37 657
31 303
14 379
8 176
26 440
20 479
66 134
97 643
1 878
37 36
91 66
33 423
20 149
19 717
93 823
92 506
67 366
80 593
80 408
4 269
67 124
87 576
13 615
30 817
80 827
28 438
8 109
44 183
89 210
44 406
45 79
63 463
60 694
95 163
81 799
95 923
26 153
35 154
63 668
2 210
82 798
67 337
46 482
68 138
72 395
15 700
49 429
82 916
71 169
98 175
79 484
2 864
24 548
93 378
51 962
83 661
27 209
73 616
58 492
58 357
50 272
100 334
1 170
57 799
62 278
25 280
49 22
47 372
65 111
61 760
36 311
100 783
91 368
38 185
12 103
33 721
19 573
63 51
66 255
93 55
29 797
18 269
47 452
1 363
54 365
30 609
56 493
3 170
1 741
98 696
87 895
76 193
15 422
75 160
61 67
58 185
88 547
65 658
90 69
48 535
30 94
83 85
6 486
34 422
30 608
21 20
66 485
21 920
86 455
11 558
66 268
86 361
94 171
38 787
19 1013
29 672
62 415
88 668
48 1010
77 77
57 158
93 46
46 309
53 523
11 1019
29 260
82 798
80 51
16 613
13 183
54 109
38 683
51 586
34 399
99 391
27 139
60 571
28 165
87 124
87 618
46 743
77 379
81 473
5 460
73 241
34 662
57 472
93 871
49 646
9 603
40 720
53 559
10 924
7 121
15 386
46 140
12 590
38 620
78 946
92 99
62 697
80 510
100 56
28 176
2 601
46 713
76 494
44 561
81 970
33 415
47 394
6 435
52 47
54 1021
88 85
83 129
22 855
70 925
38 994
21 587
38 854
36 865
16 523
1 716
32 58
95 799
11 660
89 410
47 238
43 674
39 501
87 80
43 416
84 217
5 56
23 954
70 54
58 209
40 171
84 20
44 6
2 678
30 2
68 348
83 470
61 561
90 799
32 277
55 620
17 575
19 271
5 560
1 274
76 900
24 668
63 671
89 712
73 314
5 388
45 952
53 658
8 802
56 104
78 622
7 546
73 373
85 677
17 117
42 676
24 370
55 911
84 992
2 340
13 287
47 942
94 559
19 701
45 1006
92 390
88 502
16 776
27 728
40 783
36 353
90 835
50 753
49 738
92 295
41 1000
57 780
65 794
38 467
2 650
61 250
56 28
47 951
59 601
22 206
19 473
82 793
19 256
57 1004
69 216
18 21
3 854
96 84
27 90
54 68
67 998
77 754
61 44
44 803
100 309
20 1003
25 542
31 40
89 267
63 765
86 292
65 672
57 561
59 743
46 281
14 364
78 103
86 255
66 773
61 789
98 17
87 838
38 513
17 330
55 895
82 236
10 854
32 282
58 638
52 15
54 810
67 148
60 472
22 33
84 434
93 277
66 564
55 1007
96 967
80 831
2 381
94 999
7 949
29 600
15 256
19 456
49 993
51 952
92 1004
84 659
10 781
60 863
56 2
82 371
36 133
5 781
74 219
100 724
75 1012
47 705
11 913
61 284
53 739
19 296
87 171
23 108
31 866
74 246
47 791
40 810
68 793
23 413
47 298
72 129
53 410
62 527
87 970
26 155
84 1021
87 378
99 381
69 93
90 431
18 64
1 953
21 96
5 415
8 707
16 619
24 996
1 645
83 303
58 284
77 249
56 907
67 446
23 87
86 484
81 875
3 714
12 396
49 500
66 293
71 498
91 1018
49 915
82 967
29 203
95 650
83 506
72 53
56 795
36 465
62 656
44 801
97 95
88 130
26 981
6 776
86 308
93 923
39 382
21 391
16 67
76 11
65 548
51 500
46 202
12 571
54 255
71 178
65 518
99 943
15 728
38 928
4 439
38 210
8 667
12 380
25 616
26 281
87 452
12 456
14 720
38 487
82 349
20 299
70 971
89 316
26 910
88 685
12 21
22 120
35 470
47 396
21 888
52 199
51 432
90 968
91 655
34 76
39 70
22 845
24 590
96 689
92 355
30 799
8 219
74 38
36 392
5 748
95 85
66 570
24 575
13 642
34 943
41 184
52 67
32 3
76 140
75 107
62 16
22 869
7 799
15 922
67 315
50 421
79 567
10 914
22 479
19 323
21 224
30 384
74 510
98 945
41 52
20 118
28 933
23 302
87 869
75 873
7 844
18 558
95 235
39 504
1 978
74 85
69 307
96 466
16 853
46 440
69 413
10 972
9 520
29 4
20 447
4 522
83 121
15 653
100 502
44 44
15 957
25 631
71 596
80 31
17 457
94 305
42 3
80 166
86 500
49 885
66 21
35 188
25 437
76 496
58 971
28 368
87 668
58 118
75 45
96 663
14 617
75 347
44 194
60 117
65 681
86 615
13 360
30 841
72 618
65 710
76 852
5 443
47 27
72 733
3 707
64 572
7 314
74 918
96 406
31 176
46 1012
94 762
87 568
98 118
81 890
91 724
57 880
70 187
10 701
76 976
59 267
80 682
80 417
19 63
90 585
87 883
64 4
44 918
55 174
64 731
55 838
43 756
1 572
18 574
5 837
74 631
35 25
32 659
57 863
41 239
51 959
81 995
11 717
68 509
18 899
4 928
37 646
39 381
9 577
99 441
53 456
80 468
76 335
6 920
65 822
30 596
29 231
34 695
39 429
7 812
36 394
79 1016
59 350
12 208
26 302
32 290
85 695
21 212
26 858
96 178
76 241
57 388
39 314
94 393
43 236
32 22
14 895
1 644
32 384
91 121
26 475
90 418
37 143
22 150
88 737
52 631
93 76
18 424
50 51
60 108
67 996
69 916
58 141
55 61
32 362
1 185
72 590
19 980
100 208
22 708
8 433
2 896
84 308
87 897
34 87
24 644
42 108
31 923
64 46
91 772
83 139
4 218
32 534
65 436
65 278
71 660
62 432
28 194
95 826
78 73
12 46
80 969
97 227
3 401
48 825
60 678
87 79
87 667
89 43
2 329
89 196
77 6
99 496
47 342
69 265
74 185
82 105
33 462
63 996
42 602
84 1009
91 735
16 125
41 676
80 454
8 488
69 968
21 251
91 692
60 736
96 1005
40 241
38 24
58 416
11 540
62 791
52 248
17 587
33 877
22 540
2 218
83 954
69 495
88 600
74 772
71 93
84 206
1 837
85 11
73 224
58 222
94 49
89 490
28 841
18 873
84 647
34 358
92 227
73 755
14 1014
78 112
71 230
45 415
34 545
29 270
76 974
43 757
47 960
30 634
52 563
26 108
69 548
53 760
14 293
91 575
75 992
10 365
33 1002
15 239
86 180
24 266
81 999
34 127
98 220
4 685
62 218
88 967
93 233
42 514
17 168
32 807
52 749
35 332
50 926
2 223
45 54
48 209
96 486
8 961
97 71
45 462
44 389
92 28
25 82
41 121
69 604
84 384
16 50
56 29
71 261
52 31
38 739
96 341
32 575
77 904
65 898
38 933
58 745
44 882
14 477
74 51
60 905
54 384
79 125
92 905
22 663
20 699
94 151
92 577
69 292
53 345
93 798
93 426
70 189
83 320
25 261
18 720
17 803
11 71
84 491
48 289
97 887
15 506
33 1002
67 737
78 515
85 434
60 310
72 805
66 118
16 138
62 469
25 519
56 936
25 151
90 540
47 530
90 401
80 414
19 70
22 648
16 183
17 871
36 916
7 989
94 751
42 387
7 958
37 442
53 470
4 246
85 6
32 387
63 787
96 785
56 926
80 415
28 464
49 575
36 911
63 365
81 640
39 832
21 632
53 418
89 841
19 61
10 414
99 228
60 223
56 7
16 395
41 207
31 681
5 190
48 295
50 180
74 280
19 482
15 236
71 987
32 538
28 897
91 470
65 103
72 88
21 815
55 530
81 317
50 777
6 753
3 35
29 980
46 919
74 201
22 312
15 181
85 186
94 776
72 154
30 323
29 986
82 723
11 110
71 677
99 520
61 933
82 313
81 868
40 302
40 337
49 206
14 438
100 571
61 23
68 42
65 964
91 458
83 494
12 677
14 430
81 550
14 726
67 202
41 46
51 612
66 92
38 899
85 185
41 717
11 144
38 551
8 760
25 746
81 552
94 374
49 570
20 294
88 762
60 840
43 998
12 164
9 221
43 593
41 483
93 611
43 18
29 710
10 121
39 1006
40 828
36 628
58 255
54 645
44 393
76 798
22 887
49 431
91 999
27 487
26 284
33 60
1 210
17 54
14 175
4 1002
90 391
45 351
97 502
95 636
62 431
81 236
61 345
18 376
72 664
34 777
67 935
64 224
28 580
81 449
38 312
50 731
74 7
26 322
96 28
61 378
42 341
93 751
22 254
58 1005
57 963
89 840
57 568
95 992
83 315
29 876
59 842
98 304
24 639
54 332
43 558
29 100
7 297
90 560
34 951
72 442
90 272
17 738
63 295
82 961
38 98
68 212
39 369
31 763
40 116
34 650
50 778
21 548
38 575
35 599
9 622
64 366
17 273
96 707
95 785
27 152
38 430
31 796
62 878
90 781
45 603
86 642
40 131
1 405
69 247
99 181
92 1019
27 736
47 626
38 833
50 36
25 243
61 323
66 239
68 548
27 145
82 401
58 482
23 951
50 211
45 865
71 17
63 937
48 101
22 146
53 923
1 893
9 646
84 155
40 367
34 878
15 827
82 273
88 784
83 146
46 371
90 361
67 844
17 115
12 811
52 852
61 440
93 850
17 912
48 944
30 681
26 765
47 27
17 767
63 211
76 780
29 897
28 968
68 389
62 635
35 317
46 883
16 158
16 817
17 687
44 299
95 509
91 826
76 51
80 322
61 455
97 841
23 193
36 18
21 841
72 755
61 89
1 889
7 297
65 291
83 392
69 302
77 627
71 412
21 670
41 937
60 809
22 426
65 513
23 557
6 70
39 462
10 900
98 404
8 1006
91 130
22 259
19 250
74 533
5 538
94 369
27 277
85 180
34 130
56 120
86 1021
1 973
31 347
68 784
30 1019
94 420
16 115
83 555
68 540
79 1024
53 241
68 503
25 520
78 195
5 350
18 311
46 503
19 804
33 82
8 574
12 305
86 199
19 648
65 782
27 816
9 215
16 124
10 548
31 375
54 268
72 32
78 46
94 836
49 358
81 388
91 992
8 900
70 86
47 919
63 685
30 623
56 741
50 593
88 365
3 1006
68 667
65 185
48 546
92 536
87 912
4 809
67 591
57 20
41 183
26 519
80 623
78 743
51 863
51 603
7 253
84 834
83 596
22 606
61 1013
26 1019
40 17
75 754
43 463
46 259
86 687
38 489
78 895
51 624
93 517
22 936
57 785
77 664
56 739
21 472
63 362
14 603
78 245
60 985
71 81
55 328
28 996
24 29
58 1022
36 575
78 854
2 259
14 206
78 970
28 142
37 647
100 883
97 881
43 556
1 809
65 36
21 380
99 928
100 873
22 35
59 415
44 908
37 478
93 570
79 9
16 839
15 191
69 879
95 799
70 888
76 22
3 696
29 929
43 808
9 500
67 175
15 706
82 563
19 147
69 581
47 820
16 809
50 68
75 32
99 48
91 426
82 817
73 470
46 695
42 474
83 72
25 61
17 706
51 936
32 731
84 1006
54 887
42 511
39 428
51 797
64 437
62 545
38 294
6 951
52 243
40 134
6 24
34 67
74 817
10 557
55 469
35 25
96 304
15 262
96 53
22 183
10 231
3 719
20 716
81 487
59 20
57 248
88 814
38 773
78 291
17 105
96 843
93 67
31 663
76 854
24 361
84 181
83 738
31 90
49 519
24 363
34 172
23 581
74 924
85 567
63 634
35 950
4 799
100 574
38 319
11 129
75 414
45 245
83 183
10 556
37 909
90 214
17 504
95 18
76 99
44 594
32 231
47 160
9 510
73 442
72 112
10 482
81 878
54 652
80 35
47 736
99 76
42 999
52 720
8 983
66 576
68 526
34 46
37 810
11 393
40 358
96 797
79 5
55 540
92 686
98 838
54 492
77 323
67 468
82 458
10 835
77 977
48 814
94 1020
4 552
45 827
89 892
95 723
68 225
2 527
35 811
100 284
99 229
34 745
8 623
90 98
65 187
50 769
80 48
48 575
51 128
29 484
36 976
58 891
24 420
14 62
10 733
97 484
93 950
76 633
48 382
22 981
36 779
77 543
18 464
50 401
20 470
60 587
53 41
9 597
28 846
86 666
39 1003
49 491
16 329
83 452
42 828
80 253
79 108
43 384
31 888
64 138
22 643
56 754
92 153
54 119
90 984
8 528
74 909
11 865
33 93
56 922
49 699
50 479
42 944
74 353
36 622
26 117
64 190
86 923
50 172
26 315
79 801
71 68
41 837
92 897
73 200
98 825
34 943
51 680
43 117
4 646
14 497
38 977
14 607
84 3
14 893
58 908
45 136
95 330
8 883
10 876
86 996
5 955
10 955
50 752
31 617
81 784
34 110
73 775
45 588
66 470
68 71
2 100
50 304
49 153
34 631
40 219
70 680
42 491
51 759
83 657
96 591
25 441
85 129
31 393
56 968
38 147
70 191
34 219
39 675
79 656
93 375
95 882
62 1024
44 640
30 566
45 85
41 689
5 833
69 716
5 508
83 38
98 673
37 899
23 723
65 238
98 829
72 204
74 641
79 10
49 961
95 529
33 707
65 546
11 1009
77 715
8 895
13 121
63 981
87 410
23 544
91 8
12 234
64 10
46 414
55 106
50 593
90 371
36 826
76 790
38 128
65 277
62 209
53 541
77 392
62 843
95 572
70 258
13 37
43 654
27 285
8 800
50 369
14 129
3 37
34 980
92 374
89 162
78 629
78 746
32 627
4 930
90 390
84 978
10 430
15 876
79 342
16 568
71 797
16 881
70 589
64 997
51 44
66 520
45 835
34 668
33 805
54 610
62 737
79 596
66 146
59 856
15 74
23 173
7 70
9 680
91 865
88 597
28 786
72 556
100 333
4 9
94 773
58 283
97 157
30 626
82 301
10 788
66 856
85 220
74 989
99 560
69 527
8 713
44 223
24 883
88 443
27 669
35 485
39 675
73 805
97 942
9 734
1 454
89 641
46 466
30 548
29 410
82 132
98 337
19 342
20 910
48 62
38 975
82 480
17 162
96 901
11 340
70 784
30 151
100 443
72 1005
22 617
31 16
88 488
32 78
1 547
11 589
49 516
35 130
28 139
40 231
16 370
79 625
13 340
95 529
86 367
93 747
19 899
14 706
3 90
64 167
48 746
3 220
26 269
82 209
92 641
27 423
22 1009
91 115
64 798
99 81
4 127
60 98
18 565
79 364
70 562
74 266
68 261
69 521
17 834
49 936
22 143
66 436
32 357
82 451
46 168
48 269
22 335
22 295
83 144
10 529
46 164
26 989
64 254
9 952
96 189
40 513
83 173
64 458
13 473
61 658
24 416
10 934
66 267
88 624
35 862
4 92
85 921
96 424
75 540
79 214
64 190
38 34
75 650
12 891
46 376
49 738
31 426
71 516
41 850
47 79
59 243
58 687
83 225
90 289
60 437
26 467
38 204
20 988
69 991
55 950
2 355
39 108
12 285
31 448
19 738
30 797
32 695
72 94
91 545
71 658
33 884
24 583
15 600
86 915
74 376
49 908
94 479
11 486
48 614
61 874
71 435
46 282
81 81
67 1024
34 757
73 582
37 757
88 679
92 686
34 897
17 386
44 767
72 771
20 603
100 136
88 686
74 74
23 675
54 317
78 779
78 306
5 666
50 476
16 369
21 889
58 174
86 1021
100 90
7 143
28 102
50 120
27 848
53 729
78 346
42 147
97 71
8 437
36 490
96 31
98 25
4 75
54 145
8 113
46 838
23 926
24 532
93 702
95 213
55 852
54 428
30 658
18 426
2 209
95 982
55 748
14 134
51 179
99 894
23 512
75 545
21 622
68 433
4 407
61 706
90 179
57 208
16 606
9 906
78 523
67 28
98 844
46 44
2 440
57 288
39 620
20 340
85 883
28 516
5 393
97 499
7 305
66 382
78 314
95 699
28 101
43 57
44 888
25 941
31 13
72 229
16 11
84 849
82 316
40 134
4 537
32 254
41 313
87 727
70 898
77 437
94 103
74 918
6 594
86 268
82 14
61 214
100 40
50 917
7 377
71 38
77 658
23 730
51 926
88 572
91 832
21 772
83 478
73 900
95 475
28 652
68 640
25 511
83 902
52 10
67 430
3 143
75 338
64 9
39 279
97 13
67 565
64 1021
14 425
92 64
51 15
35 362
58 556
88 309
89 251
34 687
64 364
2 743
17 677
67 939
68 307
35 18
83 711
86 888
39 909
55 1009
48 642
58 553
53 193
49 605
88 154
48 99
74 73
45 194
13 568
45 680
78 35
65 721
81 710
60 855
27 511
59 494
56 160
30 300
17 883
100 796
64 147
58 529
99 711
79 968
66 831
43 103
53 296
7 586
61 383
4 575
81 231
64 1020
34 66
47 742
76 174
5 959
97 383
80 539
17 162
58 322
32 81
28 832
64 223
69 356
1 809
63 473
91 974
68 404
71 762
26 962
63 634
89 231
96 336
6 60
25 227
97 464
67 805
91 682
59 664
54 607
36 944
91 462
45 522
1 908
75 986
65 169
12 717
48 587
72 145
23 524
67 3
3 678
95 234
63 809
57 348
63 320
87 445
69 136
14 621
51 200
51 863
77 154
72 768
68 583
76 362
39 258
61 45
27 147
38 246
60 150
9 322
37 860
79 225
79 708
78 1013
80 404
47 252
89 382
31 272
61 906
50 23
99 998
43 50
68 345
67 51
26 887
1 963
74 115
19 692
70 1008
84 705
23 507
8 943
48 950
71 828
95 824
10 970
33 917
23 916
37 289
79 730
67 315
28 873
9 831
44 226
42 196
83 177
10 862
31 565
80 285
69 594
24 194
23 880
34 533
8 322
37 714
88 972
64 695
48 432
61 335
53 291
22 563
23 207
77 561
92 164
6 116
85 929
89 272
37 395
4 532
48 601
29 743
48 224
2 343
67 914
89 287
68 183
6 646
45 226
95 136
41 4
47 121
32 560
84 692
62 172
15 645
80 419
96 295
38 777
25 272
10 289
27 846
27 384
71 860
17 649
7 997
20 222
33 560
41 485
23 710
56 426
14 403
32 693
65 462
9 309
25 87
5 267
100 44
34 374
3 234
39 873
58 650
66 299
13 850
59 412
11 414
25 865
100 656
37 488
25 978
56 826
16 368
52 971
43 718
88 289
87 318
58 133
40 207
87 128
33 189
39 567
10 351
19 393
71 940
76 75
53 651
48 932
94 968
38 405
89 173
85 587
7 830
23 434
17 125
97 45
5 76
43 914
50 1018
26 408
21 137
67 801
87 358
44 781
17 561
69 961
9 853
32 199
99 218
60 671
67 169
15 655
96 301
89 669
22 826
17 202
71 535
18 725
100 685
89 169
45 641
73 954
14 628
72 104
62 760
78 164
92 464
50 147
4 338
35 34
8 867
71 78
37 213
86 245
53 259
5 94
35 517
55 344
33 150
63 966
9 196
25 812
87 922
38 399
16 749
68 375
75 666
100 968
78 229
100 751
63 600
80 362
32 866
1 212
59 128
13 900
7 257
19 982
63 621
84 390
81 787
52 935
92 191
70 282
39 41
52 906
76 851
3 732
68 947
27 682
66 72
45 373
28 220
18 482
72 685
19 160
55 610
62 874
24 948
19 195
4 138
16 604
4 318
91 655
20 229
1 290
60 869
10 628
60 991
81 903
31 956
38 73
73 108
34 317
83 53
59 1018
26 586
17 154
43 907
4 118
28 96
99 411
1 44
30 4
38 99
47 660
14 944
56 570
83 654
82 57
46 372
51 895
69 647
4 835
78 832
25 641
15 335
47 867
35 41
79 388
39 753
44 168
60 755
89 699
92 599
59 65
66 805
60 903
80 983
45 957
26 641
17 693
44 599
7 330
91 381
53 777
61 740
32 781
47 657
15 854
95 185
27 176
34 854
94 393
4 767
73 578
11 897
22 334
3 780
35 86
65 356
74 245
83 782
49 541
30 455
71 644
88 265
35 605
38 873
37 905
71 297
22 997
49 703
39 639
71 969
44 595
60 562
63 371
27 840
75 732
26 257
31 909
45 145
85 614
97 461
23 607
81 952
52 925
39 886
32 65
14 239
47 106
96 473
20 94
76 362
81 558
43 151
66 115
28 931
69 288
75 199
95 100
38 450
40 756
39 539
88 116
50 454
29 553
47 696
71 190
94 447
27 652
66 165
74 893
47 470
20 437
84 26
32 794
63 536
49 785
94 321
5 827
74 97
92 676
33 1002
46 826
16 588
65 1021
16 194
25 822
32 21
87 307
62 770
40 521
93 601
77 331
29 157
33 670
66 488
74 22
89 163
27 889
42 275
37 478
80 750
71 107
62 509
30 815
31 489
99 535
9 592
13 985
8 998
91 1001
21 952
22 926
86 844
66 839
42 650
84 562
19 567
84 120
67 57
55 305
34 221
72 610
80 680
31 536
81 177
12 90
88 510
11 193
85 780
99 423
81 299
100 780
93 627
31 915
100 809
8 205
90 11
26 817
66 360
8 319
80 840
100 639
57 398
39 653
89 838
71 557
24 10
72 976
9 187
26 296
91 37
92 1000
15 289
5 737
77 96
79 160
83 438
23 235
91 605
84 987
2 938
51 529
28 831
92 560
81 322
95 987
54 330
55 405
6 731
1 242
22 147
38 737
60 176
99 394
24 834
32 174
40 874
2 671
8 158
54 672
63 36
11 836
37 573
36 982
27 332
24 80
18 601
56 37
24 763
30 531
40 785
72 295
95 382
97 290
19 146
90 1017
1 572
100 545
68 20
31 398
75 702
93 829
18 269
25 29
7 271
87 578
15 239
77 665
36 813
63 134
27 892
38 115
55 953
68 558
76 138
67 299
3 407
47 92
11 967
12 681
77 678
67 244
12 83
4 511
19 838
52 829
69 769
76 119
30 579
96 645
92 606
7 530
73 21
69 663
76 740
4 176
33 554
95 285
68 303
43 506
16 415
35 821
39 230
59 856
56 591
73 499
16 395
96 160
84 624
75 379
95 118
62 731
3 973
23 282
7 786
7 366
16 73
58 334
54 77
22 85
23 642
59 838
76 586
82 427
69 796
21 523
89 335
94 559
43 220
12 533
37 602
74 156
11 36
6 976
52 655
25 778
24 619
15 283
41 564
62 365
3 490
76 223
68 93
33 82
40 596
14 293
14 488
80 848
23 937
39 634
67 835
99 838
50 977
93 610
61 806
2 851
39 837
6 71
49 830
20 217
34 766
69 575
73 956
70 751
37 172
72 411
75 746
97 412
86 321
17 190
46 970
13 372
47 66
94 687
7 594
87 272
99 387
38 563
55 219
69 163
19 648
97 373
61 797
20 42
33 780
44 194
53 248
14 483
77 1007
46 183
72 24
75 910
39 276
44 729
71 736
87 885
3 439
33 727
80 1016
13 304
87 1000
42 471
15 39
90 535
13 75
25 597
66 147
58 508
63 930
48 917
65 78
73 1000
21 1009
86 728
8 446
63 746
57 504
36 643
62 121
13 563
59 870
63 293
40 616
80 414
73 1012
38 138
17 58
9 581
18 814
40 17
44 291
74 656
10 954
75 312
34 427
50 245
28 1008
69 264
35 312
73 96
31 983
49 364
24 345
88 58
54 204
22 369
82 836
1 263
5 275
66 814
13 423
82 973
30 570
60 1005
54 888
28 156
94 308
83 862
36 439
63 785
50 992
38 111
79 130
73 543
12 947
73 80
5 366
16 751
8 239
55 793
59 806
96 948
9 443
73 740
1 679
32 498
71 629
32 425
58 980
36 137
94 276
45 223
65 244
89 552
87 679
84 585
76 244
48 548
62 269
79 542
59 762
15 569
83 622
82 100
1 937
61 455
28 453
49 828
16 625
68 154
83 675
98 738
34 222
45 579
18 523
60 412
36 110
9 626
71 950
58 284
10 962
70 25
26 390
32 61
10 183
95 268
54 952
53 751
89 241
86 638
23 401
86 1022
71 1006
76 217
35 325
64 768
54 213
32 651
6 619
71 591
66 925
6 635
9 838
9 1001
58 666
7 816
43 640
38 553
37 413
5 527
1 245
18 998
5 37
84 35
63 310
25 432
23 459
98 39
92 403
31 326
52 629
81 86
80 930
58 864
34 383
90 30
83 635
39 59
7 626
97 302
80 718
1 122
56 775
36 423
57 174
48 196
55 865
6 22
98 919
54 64
29 227
17 903
50 96
50 508
81 30
29 632
71 518
65 898
80 912
25 420
70 20
47 864
100 896
61 630
19 746
33 43
9 785
62 810
8 883
17 577
60 78
52 635
27 937
8 862
68 804
93 885
56 871
64 683
95 585
8 509
90 980
63 254
93 472
59 596
86 332
92 218
73 332
80 1003
12 335
56 43
23 72
20 938
38 627
36 660
59 884
48 493
35 695
50 555
34 785
79 472
88 274
69 500
13 516
62 848
86 293
55 964
16 794
37 281
8 449
41 583
68 60
71 122
98 796
81 896
32 803
55 647
80 7
30 657
22 599
20 347
59 346
19 230
51 139
83 511
83 427
81 894
10 119
4 216
22 668
43 446
46 429
72 497
23 190
21 956
44 609
54 655
18 564
80 45
83 370
79 265
84 623
67 258
61 126
5 630
9 559
35 214
95 119
30 397
12 839
12 71
43 605
9 352
93 585
28 847
50 950
91 726
68 221
31 264
82 431
62 114
81 944
95 951
54 13
43 345
75 650
72 249
22 116
28 374
68 996
40 630
17 283
55 445
91 289
64 849
19 577
14 683
73 265
77 534
33 931
95 103
76 270
79 785
97 950
63 61
13 330
34 818
84 1020
18 91
24 945
99 1002
58 876
44 994
20 244
59 392
94 357
14 705
70 844
17 1011
50 599
31 666
33 736
95 516
55 696
42 1014
93 520
71 90
52 626
83 487
37 561
79 1018
94 348
50 519
36 138
81 937
49 551
98 641
78 13
48 992
4 738
61 300
29 947
1 604
96 447
55 392
76 945
13 901
24 58
83 435
80 900
95 932
78 925
60 688
37 679
91 620
96 612
40 625
86 284
56 58
75 270
65 714
42 834
70 458
43 984
28 62
19 215
53 261
67 516
56 27
71 578
94 562
1 541
42 699
77 366
20 531
59 180
4 825
65 809
70 880
28 125
33 603
23 910
47 453
49 786
43 571
51 101
37 504
25 270
38 441
79 933
55 246
92 166
90 77
82 303
68 718
59 872
60 766
89 134
22 134
59 673
60 233
5 812
60 389
78 913
82 692
57 776
93 909
46 982
9 891
92 916
40 687
27 879
84 496
56 621
57 906
73 308
75 17
12 850
58 153
35 211
96 535
78 757
91 903
22 379
54 974
26 329
68 9
44 39
72 171
59 108
65 928
43 167
12 510
24 325
46 730
11 482
1 497
82 659
15 927
94 120
68 283
65 487
75 632
37 794
10 160
25 854
79 292
16 1006
77 1012
63 439
1 841
68 957
65 109
96 688
51 605
3 887
59 231
5 154
78 874
79 640
89 824
65 71
75 465
60 891
24 358
77 144
99 200
77 487
92 668
98 319
12 957
65 110
19 529
55 1
62 186
40 386
41 84
68 75
88 508
69 999
1 246
35 15
89 195
66 753
86 651
79 85
15 227
70 746
15 457
34 109
10 361
78 626
80 950
68 992
25 640
78 273
81 60
28 306
26 789
6 91
7 80
11 998
78 369
7 36
57 440
20 442
16 638
19 219
95 742
14 995
73 128
95 218
59 530
79 441
18 556
47 709
19 706
50 940
90 376
91 874
51 95
15 590
60 333
64 270
70 994
72 406
25 482
99 283
44 121
67 281
60 230
89 286
75 646
77 984
45 152
61 811
78 99
12 977
59 160
42 480
57 461
21 225
82 484
63 929
96 206
90 256
99 150
37 345
16 742
88 792
81 112
59 114
74 954
98 640
97 287
11 217
3 979
85 664
50 948
13 18
33 754
57 563
79 813
3 674
58 186
58 398
89 1020
51 506
37 576
45 14
38 215
90 584
85 671
76 607
26 792
36 722
41 896
88 399
36 142
65 190
31 490
35 623
89 74
84 409
33 224
10 487
34 652
62 606
26 269
56 891
76 811
60 556
34 847
87 342
40 1003
67 290
76 93
92 952
38 1015
92 815
54 758
45 651
53 322
56 682
95 420
32 626
6 111
90 888
41 88
13 920
30 735
53 533
31 72
72 993
70 795
43 275
16 35
13 912
44 132
1 946
31 92
12 757
26 705
28 134
80 824
49 857
70 213
65 336
96 824
72 345
2 62
91 98
52 519
89 452
23 554
85 177
25 920
93 847
100 528
20 367
63 1009
87 860
69 563
36 481
42 475
81 956
25 420
13 632
26 13
23 564
94 432
5 187
7 649
73 927
69 988
37 479
60 468
15 145
78 486
45 368
60 425
15 472
100 327
64 758
31 138
77 905
49 13
47 896
30 75
14 814
10 42
80 1010
25 582
2 515
47 754
74 1003
22 156
46 998
18 529
51 820
99 3
24 211
12 766
2 677
40 879
42 878
69 733
23 405
71 992
47 333
21 776
27 874
11 761
67 388
33 553
28 931
48 883
78 571
73 199
55 440
50 688
13 974
20 131
10 686
62 249
59 818
32 305
76 931
61 490
74 306
63 477
76 574
4 329
24 960
36 342
39 581
25 668
2 400
90 883
38 896
23 56
85 107
84 332
1 401
6 306
42 840
27 917
81 94
74 508
57 749
33 403
45 853
50 834
52 844
12 289
43 799
88 379
41 704
39 917
72 508
66 785
63 980
81 711
73 898
50 77
14 18
76 926
38 525
7 73
16 403
82 34
5 705
37 57
44 99
89 463
22 146
79 928
50 900
30 150
17 807
3 371
12 706
40 669
54 1007
41 550
17 78
31 561
47 995
69 142
97 565
9 674
14 827
5 811
98 166
37 451
16 163
97 771
68 68
27 49
86 132
46 434
93 157
26 991
99 586
81 196
54 713
17 836
27 422
34 193
7 558
43 535
60 439
1 563
78 696
4 556
99 185
17 11
29 959
34 468
40 86
27 646
6 507
65 288
64 54
60 491
20 98
97 307
92 281
10 18
28 457
85 778
65 537
21 982
99 766
25 991
19 63
36 624
93 44
59 473
1 367
31 708
72 963
3 1000
75 860
37 171
80 565
32 932
25 712
89 548
57 289
66 279
63 101
2 920
4 789
64 240
31 306
28 594
72 938
21 462
45 561
52 40
81 556
19 178
87 836
33 696
72 214
22 451
50 852
94 457
36 713
8 746
2 619
23 237
68 884
18 280
4 306
39 521
5 266
94 79
69 398
86 176
75 724
78 924
83 971
28 142
79 27
39 652
74 177
52 153
8 562
5 456
43 751
48 703
52 649
89 68
66 531
12 632
86 869
15 780
12 886
89 450
28 783
70 533
39 965
94 995
94 94
10 344
92 377
82 836
97 803
67 22
49 122
5 538
71 159
53 782
60 189
75 931
71 284
40 905
69 101
7 726
82 276
98 13
76 67
72 652
53 727
37 153
20 301
38 814
11 982
75 478
34 778
13 92
97 824
65 261
36 847
27 93
43 8
93 750
6 953
42 943
7 26
15 478
23 761
68 785
46 838
7 864
95 623
87 628
22 927
8 321
78 850
77 848
61 517
37 931
89 950
29 75
60 919
21 278
99 820
66 349
85 276
28 200
94 118
23 295
21 690
75 770
16 3
17 348
76 141
94 964
35 78
59 18
69 567
27 627
22 332
63 994
68 138
37 481
8 995
80 276
93 366
77 152
9 613
87 888
49 753
99 819
58 841
80 802
91 106
93 744
2 355
70 21
49 882
33 748
69 252
87 489
18 19
24 986
7 114
61 359
94 651
42 672
20 989
29 850
83 853
22 508
80 259
56 676
100 4
87 968
52 397
32 873
35 47
46 21
17 658
99 2
16 532
65 751
17 98
97 567
14 122
86 109
12 577
72 495
32 158
83 835
82 870
55 968
21 492
12 53
5 343
50 409
54 727
59 346
8 711
72 749
76 961
18 187
1 617
2 69
3 96
19 304
49 562
4 857
25 211
9 154
77 963
54 403
77 696
4 464
71 636
60 190
