50 450
100 25
99 27
23 47
87 22
58 34
34 43
29 10
9 29
50 30
42 50
73 12
93 41
22 32
43 39
90 39
41 41
63 41
19 38
89 5
59 46
41 42
90 19
53 50
49 3
80 43
54 2
54 46
94 26
77 39
66 19
27 8
11 40
48 30
27 39
34 37
86 26
80 26
47 33
77 45
87 6
89 42
59 45
37 3
22 16
41 37
36 17
45 46
8 44
75 36
84 11
22 20
38 4
97 34
86 23
31 24
81 19
15 39
65 3
43 36
20 33
73 5
2 19
53 11
64 29
47 48
91 20
17 29
73 15
64 10
37 46
85 17
17 49
8 31
54 50
67 23
85 39
80 36
59 34
98 22
62 44
21 5
64 39
85 38
53 48
50 42
94 34
58 12
33 17
42 36
67 8
10 1
98 39
88 8
72 37
30 36
81 2
90 46
91 24
35 43
73 34
84 18
18 44
79 50
10 23
87 28
80 46
30 30
37 19
37 8
6 18
45 38
20 36
33 10
11 17
4 34
3 38
53 20
33 34
21 42
56 7
22 37
54 1
16 42
72 3
2 27
70 46
14 39
32 48
50 42
16 4
77 18
93 30
37 25
65 9
18 20
67 39
6 21
42 24
14 13
26 15
41 47
61 6
88 44
3 37
85 20
42 12
88 34
43 26
58 7
85 26
78 1
66 35
23 9
8 37
71 35
51 13
84 13
68 21
6 22
59 41
92 1
4 31
86 48
58 44
56 42
71 33
45 38
19 19
47 29
55 19
63 8
32 48
72 49
68 28
21 29
20 14
31 25
94 16
72 1
11 27
45 33
11 39
21 31
59 19
59 16
87 24
23 18
71 46
69 41
23 41
69 44
4 1
68 47
66 41
99 29
69 43
13 31
83 35
12 42
3 20
7 42
43 31
11 16
26 29
56 49
19 26
94 22
26 14
70 43
56 19
23 25
11 36
7 44
20 18
87 23
40 43
16 34
73 26
99 48
5 4
98 25
29 44
97 6
57 16
49 12
86 21
88 47
58 45
42 28
64 28
52 3
72 17
37 46
92 35
45 48
41 43
23 21
38 21
27 46
88 27
57 24
49 47
22 7
91 15
84 4
94 37
9 15
53 45
60 46
31 6
96 21
98 18
44 37
40 20
32 27
48 41
52 46
37 23
2 29
87 37
84 32
23 42
96 27
88 7
75 19
63 20
41 12
39 34
51 28
5 32
56 2
22 8
48 10
32 1
40 21
38 24
2 12
67 50
91 7
8 15
77 20
86 17
34 24
53 36
53 9
17 8
61 41
67 10
100 49
60 42
69 49
15 20
61 33
19 1
39 27
67 15
48 2
84 33
27 36
68 29
44 37
38 6
79 5
15 30
55 27
21 23
75 37
44 37
20 15
89 8
93 5
25 42
58 8
77 34
95 46
14 40
32 2
98 12
8 12
92 12
90 12
36 15
99 31
3 18
45 42
27 39
46 3
81 4
62 7
39 6
52 3
98 36
56 45
97 13
58 40
76 48
52 13
64 50
93 16
19 40
57 47
78 5
100 8
10 11
66 48
69 20
52 18
57 7
12 5
21 21
45 48
68 46
10 33
97 5
49 17
44 7
15 21
11 14
31 22
27 46
72 47
17 25
64 23
34 25
78 4
95 22
54 15
69 13
97 17
69 47
83 12
54 47
85 16
63 15
40 41
62 11
87 29
85 50
51 18
76 30
24 22
53 27
88 21
91 35
37 10
81 19
23 36
68 7
2 30
21 41
70 35
3 8
13 39
57 15
57 34
95 32
57 47
60 45
20 50
81 6
61 13
27 36
99 46
42 2
75 15
44 46
1 46
3 13
36 11
27 42
46 23
75 4
20 34
98 39
36 30
46 48
43 24
83 43
69 27
44 43
43 39
90 43
84 44
7 19
6 33
63 3
58 39
57 27
23 4
67 10
36 14
57 28
88 42
70 6
20 15
51 12
3 42
56 38
36 12
8 43
46 22
96 3
11 2
31 35
57 49
94 42
13 2
21 2
93 40
7 14
